1305031102.211214 0.00757523 -0.00517233 0.06456086 -0.00900354 -0.00954146 -0.00165458 0.99991258
1305031102.243211 -0.01352533 0.00122194 0.07174902 -0.01179394 -0.00004295 -0.00183863 0.99992876
1305031102.275326 -0.00830918 -0.00383517 0.08165701 -0.02088418 -0.00619662 -0.00027208 0.99976266
1305031102.311267 -0.01245560 -0.00285446 0.09393408 -0.02508430 -0.00619338 0.00050404 0.99966603
1305031102.343233 -0.01300032 -0.00482743 0.09891595 -0.02891242 -0.00744588 0.00283685 0.99955019
1305031102.375329 -0.01526351 -0.00003460 0.10631768 -0.02866697 -0.00845550 0.00203382 0.99955119
1305031102.411258 -0.01446625 0.00371306 0.11404952 -0.02921671 -0.01254841 0.00212507 0.99949207
1305031102.443271 -0.01004664 0.00711267 0.12043782 -0.03442480 -0.01926403 0.00160925 0.99922032
1305031102.475318 -0.01261424 0.00880289 0.13050289 -0.04163533 -0.01923676 0.00244168 0.99894469
1305031102.511219 -0.01626488 0.01027318 0.13970423 -0.04624207 -0.01575275 0.00105657 0.99880549
1305031102.543220 -0.00954485 0.01023605 0.14824994 -0.05129071 -0.01929455 -0.00112346 0.99849673
1305031102.575286 -0.01268839 0.00526761 0.15662549 -0.05573765 -0.01504303 -0.00237267 0.99832930
1305031102.611233 -0.00957861 0.00566964 0.16715659 -0.05199514 -0.01474234 -0.00168034 0.99853710
1305031102.643265 -0.00993146 0.01147532 0.17400552 -0.04853026 -0.01510442 -0.00004547 0.99870750
1305031102.675285 -0.01430028 0.01297251 0.18083571 -0.05033304 -0.01349052 0.00028693 0.99864133
1305031102.711263 -0.02162604 0.01363311 0.18717065 -0.05073346 -0.00932985 0.00050231 0.99866852
1305031102.743234 -0.01628640 0.01521780 0.19307898 -0.05289276 -0.01207508 0.00204173 0.99852510
1305031102.775472 -0.01337818 0.01873365 0.20644622 -0.05364533 -0.01250390 0.00105004 0.99848121
1305031102.811232 -0.01541509 0.02444960 0.21206807 -0.05235694 -0.00802066 -0.00141507 0.99859522
1305031102.843290 -0.01209664 0.02432819 0.22311412 -0.05556931 -0.00656860 -0.00067966 0.99843299
1305031102.875363 -0.01358851 0.02574647 0.23267302 -0.05572463 -0.00342685 -0.00274048 0.99843653
1305031102.911185 -0.01639662 0.03433245 0.23928012 -0.05195407 -0.00143704 -0.00563663 0.99863253
1305031102.943229 -0.02216962 0.03724173 0.24448995 -0.05043936 0.00160877 -0.00768055 0.99869630
1305031102.975203 -0.02935996 0.04150287 0.25346318 -0.04975017 -0.00124068 -0.00694762 0.99873676
1305031103.011215 -0.02792824 0.04196978 0.25767115 -0.05216640 -0.00876481 -0.00491663 0.99858784
1305031103.043227 -0.02727531 0.04437907 0.26653898 -0.05440777 -0.01664635 -0.00198981 0.99837805
1305031103.075319 -0.02375623 0.04415437 0.27400953 -0.05520679 -0.02156807 0.00073996 0.99824170
1305031103.111240 -0.02307250 0.04883495 0.27816603 -0.05266502 -0.02150944 0.00167781 0.99837915
1305031103.143318 -0.02353235 0.05143904 0.28509119 -0.05402129 -0.02124484 0.00355593 0.99830742
1305031103.175452 -0.02403144 0.05537903 0.28776231 -0.05337290 -0.01918712 0.00251033 0.99838714
1305031103.211220 -0.02431272 0.05861844 0.29155388 -0.05850341 -0.01903426 0.00429201 0.99809650
1305031103.243216 -0.02741563 0.06200884 0.29784244 -0.06464888 -0.01604436 0.00775471 0.99774895
1305031103.275370 -0.03024639 0.06824577 0.30898866 -0.07050507 -0.01875098 0.01177412 0.99726566
1305031103.311210 -0.02855642 0.06174308 0.31203434 -0.08234838 -0.03013255 0.01293858 0.99606394
1305031103.343223 -0.02601741 0.05987325 0.31163549 -0.08516330 -0.03549042 0.01291195 0.99565101
1305031103.375327 -0.02693081 0.06233322 0.31001619 -0.08594086 -0.03183869 0.01399999 0.99569296
1305031103.411260 -0.02541193 0.05771567 0.31130540 -0.09060662 -0.03319190 0.01548329 0.99521305
1305031103.443280 -0.02484992 0.05558942 0.30997130 -0.09109238 -0.03736471 0.01441350 0.99503684
1305031103.475274 -0.02509670 0.05055127 0.30504087 -0.09293094 -0.03945234 0.01198543 0.99481843
1305031103.511333 -0.02442623 0.04829807 0.30176729 -0.08993083 -0.04176037 0.01069172 0.99501468
1305031103.543444 -0.02333534 0.04398550 0.29747880 -0.08643347 -0.04398962 0.00928549 0.99524266
1305031103.575474 -0.02952050 0.04147236 0.28627783 -0.08093651 -0.03978868 0.00783097 0.99589398
1305031103.611223 -0.02771449 0.03909932 0.28277555 -0.07875425 -0.04594019 0.01017946 0.99578293
1305031103.643445 -0.02480125 0.03508304 0.27502692 -0.07647560 -0.05189705 0.01128912 0.99565593
1305031103.675523 -0.02406830 0.03245435 0.26700577 -0.07312390 -0.05475888 0.01053175 0.99576274
1305031103.711610 -0.02187185 0.02941747 0.25857013 -0.07069832 -0.05642801 0.01131172 0.99583617
1305031103.743326 -0.02050371 0.02269459 0.25125766 -0.07045379 -0.05680724 0.01022479 0.99584369
1305031103.775342 -0.02158723 0.02180092 0.24127623 -0.06566205 -0.05491864 0.00703133 0.99630467
1305031103.811242 -0.02065312 0.02102090 0.23342896 -0.06562139 -0.05429699 0.00491907 0.99635409
1305031103.843251 -0.01761308 0.02248917 0.22483678 -0.06650680 -0.05737805 0.00263534 0.99613135
1305031103.875361 -0.02706718 0.01676015 0.21549463 -0.07320564 -0.05337570 -0.00217414 0.99588516
1305031103.911221 -0.02825556 0.00588710 0.20981444 -0.07760765 -0.05547026 -0.00238531 0.99543679
1305031103.943211 -0.02288342 0.00822453 0.19990624 -0.07211176 -0.06194156 -0.00322078 0.99546610
1305031103.975373 -0.02878175 0.00572509 0.18969710 -0.06872852 -0.05892724 -0.00527735 0.99587957
1305031104.011232 -0.02088609 -0.00413528 0.18105394 -0.06856354 -0.06281338 -0.00587933 0.99565002
1305031104.043249 -0.01583682 -0.00605032 0.17227419 -0.06078841 -0.06190415 -0.00665387 0.99620699
1305031104.075425 -0.01245011 -0.00412248 0.16204081 -0.05450153 -0.05881036 -0.00936628 0.99673627
1305031104.111235 -0.01344511 -0.00320618 0.15404181 -0.04778342 -0.05102495 -0.01183085 0.99748345
1305031104.143230 -0.01100515 -0.01399855 0.14491747 -0.04835646 -0.04619798 -0.01188824 0.99769037
1305031104.175424 -0.01624458 -0.01404856 0.13300084 -0.04242525 -0.03921323 -0.01348759 0.99823870
1305031104.211283 -0.00880638 -0.01276749 0.12543871 -0.03538670 -0.04110571 -0.01226887 0.99845259
1305031104.243196 -0.01678700 -0.01890385 0.11423995 -0.03284152 -0.03288246 -0.01438138 0.99881598
1305031104.275546 -0.01163723 -0.02148256 0.10682435 -0.02921189 -0.03316459 -0.01402436 0.99892447
1305031104.311219 -0.01417824 -0.02127935 0.09974682 -0.02409561 -0.02807000 -0.01464294 0.99920822
1305031104.343342 -0.00762073 -0.02194271 0.09271487 -0.02097457 -0.02719962 -0.01452763 0.99930436
1305031104.375837 -0.01231645 -0.03151671 0.08440458 -0.02313837 -0.01841753 -0.01687372 0.99942018
1305031104.411509 -0.01699754 -0.03057180 0.07401606 -0.02040939 -0.01244656 -0.01734030 0.99956383
1305031104.443288 -0.01912236 -0.03231439 0.07102821 -0.02062389 -0.01012753 -0.01632061 0.99960278
1305031104.475456 -0.00953813 -0.03507208 0.06305605 -0.02196783 -0.01818546 -0.01538563 0.99947486
1305031104.511329 -0.00340034 -0.03628593 0.05806625 -0.02043001 -0.02394199 -0.01169209 0.99943619
1305031104.543368 -0.01262035 -0.03472431 0.05371349 -0.01539669 -0.02040869 -0.01217175 0.99959906
1305031104.575343 -0.00913742 -0.04203816 0.04806446 -0.01369745 -0.02142229 -0.01111776 0.99961486
1305031104.611336 -0.00563217 -0.04683520 0.04150250 -0.00421992 -0.01703646 -0.01030594 0.99979285
1305031104.643243 -0.00163582 -0.04305505 0.03264008 0.01102564 -0.01102590 -0.01097705 0.99981817
1305031104.675525 -0.00768353 -0.04868118 0.02481944 0.02137001 0.00161831 -0.01000019 0.99972031
1305031104.711277 0.02036155 -0.06206189 0.02814550 0.03001511 -0.00485438 -0.00827400 0.99950341
1305031104.743280 0.00676123 -0.05654328 0.01810118 0.04584453 0.01035364 -0.00622128 0.99887556
1305031104.775327 -0.00081734 -0.05202368 0.00821115 0.06172561 0.02205143 -0.00436347 0.99783999
1305031104.811465 -0.00514847 -0.04777909 0.00016981 0.07420670 0.03060956 -0.00340791 0.99676718
1305031104.843258 0.02251668 -0.04923293 -0.00097407 0.08201834 0.02503061 0.00167261 0.99631504
1305031104.875350 -0.00541764 -0.03794152 -0.00613286 0.09209812 0.04103942 0.00041848 0.99490378
1305031104.911534 0.00439233 -0.03907834 -0.00622568 0.09263394 0.03808610 0.00503160 0.99495884
1305031104.943262 0.00708698 -0.03458242 -0.00169451 0.09518372 0.03678696 0.00463458 0.99476897
1305031104.975202 0.01110908 -0.03569894 -0.00040922 0.09243147 0.03452829 0.00603427 0.99510191
1305031105.011290 0.00099952 -0.02552804 0.00366642 0.09158740 0.03859313 0.00494277 0.99503663
1305031105.043373 -0.00376901 -0.03199207 0.00526308 0.08171105 0.04060380 0.00444908 0.99581868
1305031105.075320 0.00091887 -0.03404332 0.00950532 0.07247241 0.03653525 0.00042821 0.99670093
1305031105.111299 -0.00889918 -0.03319609 0.01971329 0.06805397 0.04177981 0.00329233 0.99680102
1305031105.143106 -0.02034932 -0.01898432 0.02799200 0.06558359 0.04274281 -0.00156660 0.99692998
1305031105.175159 0.01873110 -0.02023653 0.03628675 0.04796909 0.01663331 -0.00268579 0.99870671
1305031105.211268 -0.00195098 -0.02569532 0.05117872 0.03364559 0.02311474 -0.00539168 0.99915195
1305031105.243270 -0.02557938 -0.02161692 0.05825887 0.02670874 0.02893320 -0.00615731 0.99920548
1305031105.275288 -0.03455122 -0.01823747 0.06038576 0.01738762 0.02667268 -0.00880197 0.99945423
1305031105.311290 -0.02975057 -0.02088666 0.05971981 0.00419254 0.01731020 -0.00863697 0.99980407
1305031105.343302 -0.03846724 -0.01413164 0.08945193 -0.00081585 0.01081116 -0.01019090 0.99988929
1305031105.375338 -0.03728330 -0.01906473 0.09819046 -0.00801217 0.00445817 -0.00931376 0.99991459
1305031105.411286 -0.03926103 -0.00794523 0.10491845 -0.00873819 0.00097094 -0.01134216 0.99989702
1305031105.443316 -0.02652159 -0.01595679 0.11948480 -0.02087672 -0.01121177 -0.00901753 0.99967852
1305031105.475280 -0.03453623 -0.00768033 0.12891060 -0.02032416 -0.01086349 -0.00851771 0.99969814
1305031105.511332 -0.03456946 -0.01190391 0.13559291 -0.02859893 -0.01287383 -0.00803299 0.99947578
1305031105.543282 -0.02796862 -0.00382889 0.14584391 -0.02875469 -0.01717163 -0.00660911 0.99941714
1305031105.575449 -0.02902252 -0.01226099 0.15521590 -0.03745051 -0.01877497 -0.00668828 0.99909971
1305031105.611378 -0.03180878 -0.00382371 0.16540968 -0.03498180 -0.01829154 -0.00698416 0.99919613
1305031105.643273 -0.03244271 -0.00493095 0.17079669 -0.03763316 -0.01781538 -0.00408669 0.99912444
1305031105.675166 -0.03190678 -0.00874516 0.18366715 -0.04260578 -0.01967001 -0.00419706 0.99888949
1305031105.711309 -0.03477959 -0.00794114 0.18815592 -0.04117022 -0.01437739 -0.00511032 0.99903563
1305031105.743312 -0.02917512 -0.00371877 0.20228547 -0.03991053 -0.01430016 -0.00340845 0.99909511
1305031105.775339 -0.02317916 0.00059227 0.21222621 -0.03738070 -0.01173188 -0.00452923 0.99922196
1305031105.811283 -0.01016526 -0.01865684 0.22010329 -0.05345853 -0.01467495 -0.00072328 0.99846197
1305031105.843271 -0.01024217 -0.01416288 0.22947623 -0.05038948 -0.01004788 0.00049802 0.99867897
1305031105.875337 -0.00657563 -0.01040377 0.23568395 -0.04955451 -0.00655501 0.00201023 0.99874789
1305031105.911262 -0.00913018 -0.00644262 0.24284178 -0.05078678 0.00062464 0.00551710 0.99869408
1305031105.943272 -0.00896307 -0.00096770 0.25199130 -0.05247369 0.00419962 0.00827219 0.99857921
1305031105.975329 -0.00959739 0.00967289 0.26260561 -0.05148527 0.00644251 0.00909060 0.99861160
1305031106.011285 -0.00501016 0.00991337 0.27127236 -0.05852705 0.00572008 0.01119006 0.99820672
1305031106.043355 -0.00786828 0.01062055 0.27815530 -0.06538977 0.00989601 0.01212771 0.99773702
1305031106.075330 -0.00839412 0.01507146 0.28504449 -0.06825349 0.01069740 0.01372198 0.99751628
1305031106.111327 -0.00636435 0.01874349 0.29268381 -0.07420280 0.00823585 0.01464792 0.99710158
1305031106.143355 -0.01139599 0.02593303 0.30389476 -0.07764146 0.00977237 0.01602733 0.99680461
1305031106.175534 -0.01257205 0.02437606 0.30958909 -0.08487301 0.00888306 0.01797570 0.99619001
1305031106.211275 -0.01391372 0.02124732 0.31506157 -0.09123078 0.00780837 0.01798555 0.99563673
1305031106.243267 -0.01670101 0.02668511 0.31783870 -0.08861794 0.00825683 0.02071242 0.99581609
1305031106.276385 -0.01618557 0.03124503 0.32369253 -0.08877203 0.00540363 0.02222896 0.99578923
1305031106.311238 -0.01180917 0.03626941 0.33179662 -0.09404118 -0.00197340 0.02843575 0.99516017
1305031106.343258 -0.01310944 0.04068220 0.33289438 -0.09859104 -0.00205533 0.02931068 0.99469416
1305031106.375388 -0.01356649 0.04303224 0.33356166 -0.10603292 -0.00119523 0.02153412 0.99412870
1305031106.411320 -0.00961386 0.03741574 0.33800575 -0.11687409 0.00032851 0.01641771 0.99301098
1305031106.443278 -0.01537432 0.03608986 0.33583778 -0.11658379 0.00832679 0.01010982 0.99309450
1305031106.475345 -0.01649220 0.03338810 0.33396599 -0.11768229 0.00766851 0.00951399 0.99297611
1305031106.511129 -0.01369485 0.03026677 0.33195940 -0.11707805 0.00077174 0.01090617 0.99306253
1305031106.543302 -0.01514954 0.02760462 0.32471225 -0.11339435 -0.00190939 0.00903905 0.99350711
1305031106.575282 -0.01576306 0.02667657 0.31862596 -0.10904834 -0.00356616 0.00797958 0.99399802
1305031106.611151 -0.01768506 0.02549590 0.31074902 -0.10810327 -0.00586230 0.00494068 0.99411011
1305031106.643207 -0.01459719 0.01803285 0.30409861 -0.11135968 -0.01136240 0.00382810 0.99370784
1305031106.675279 -0.01726793 0.01772117 0.29498082 -0.10722660 -0.01345106 0.00382483 0.99413626
1305031106.711508 -0.01744639 0.01144329 0.28707522 -0.11158806 -0.01968884 0.00395885 0.99355160
1305031106.743341 -0.01858016 0.01117248 0.27679589 -0.10742348 -0.02615924 0.00390001 0.99386150
1305031106.775390 -0.01476374 0.00907150 0.26717541 -0.10581872 -0.03526205 0.00394916 0.99375218
1305031106.811289 -0.01475999 0.00519507 0.25623330 -0.10736307 -0.03897458 0.00469822 0.99344455
1305031106.843416 -0.01543444 -0.00219766 0.24710129 -0.10991820 -0.04259887 0.00245927 0.99302431
1305031106.875905 -0.01408040 -0.00743134 0.23532712 -0.10437752 -0.04539948 -0.00114821 0.99350033
1305031106.911243 -0.01998014 -0.00185487 0.22193041 -0.09470478 -0.04028830 -0.00696872 0.99466542
1305031106.943439 -0.01275057 -0.01006807 0.21368276 -0.09652034 -0.04452570 -0.00935029 0.99429063
1305031106.975547 -0.01254934 -0.01822512 0.20245978 -0.09255630 -0.04227934 -0.01232465 0.99473308
1305031107.011576 -0.01665930 -0.00649769 0.19247225 -0.07717326 -0.03725316 -0.01565490 0.99619848
1305031107.043281 -0.01338611 -0.01857149 0.17915581 -0.08242738 -0.03617313 -0.01913079 0.99575662
1305031107.075432 -0.02164038 -0.03067015 0.16887996 -0.08242571 -0.02944327 -0.02139424 0.99593242
1305031107.111229 -0.01936424 -0.02716176 0.15722102 -0.07387375 -0.03139863 -0.02145736 0.99654221
1305031107.143260 -0.01994010 -0.03087508 0.14553773 -0.07302999 -0.02943708 -0.02258076 0.99663945
1305031107.175399 -0.01810089 -0.03721036 0.13898258 -0.07254735 -0.02863876 -0.02301681 0.99668798
1305031107.211358 -0.01048075 -0.03927677 0.13003421 -0.06491477 -0.03047766 -0.02417687 0.99713222
1305031107.243378 -0.01862928 -0.03900422 0.11855628 -0.05698039 -0.02126653 -0.02613610 0.99780653
1305031107.275398 -0.01950113 -0.04252066 0.11034071 -0.05145352 -0.01654558 -0.02663540 0.99818302
1305031107.311226 -0.00694725 -0.04864908 0.10430966 -0.04572722 -0.01951491 -0.02506514 0.99844876
1305031107.343509 -0.01032860 -0.05178612 0.09733308 -0.03440304 -0.01292128 -0.02655683 0.99897157
1305031107.375413 -0.00677749 -0.05031362 0.08883909 -0.02414786 -0.00892678 -0.02596569 0.99933126
1305031107.411271 -0.00700287 -0.05159804 0.07975006 -0.01686281 -0.00273993 -0.02759021 0.99947332
1305031107.443419 -0.00445526 -0.04414552 0.07547278 -0.00703203 0.00179840 -0.02703846 0.99960804
1305031107.475377 -0.00174935 -0.04747094 0.07623073 -0.00602125 0.00585817 -0.02588055 0.99962974
1305031107.511352 -0.00173835 -0.04126678 0.06953731 -0.00133164 0.01026648 -0.02585951 0.99961198
1305031107.543605 -0.00175106 -0.04960595 0.06784244 -0.00868986 0.01446118 -0.02420806 0.99956457
1305031107.575454 0.00709361 -0.04914933 0.07118372 -0.00790856 0.01271209 -0.02079915 0.99967157
1305031107.611271 0.00233092 -0.04227663 0.07267629 -0.00518265 0.01762283 -0.01898400 0.99965103
1305031107.643323 0.00525037 -0.04325894 0.07349049 -0.00940123 0.01786125 -0.01817951 0.99963098
1305031107.675568 0.00473514 -0.04242303 0.07405044 -0.01027939 0.01805687 -0.01855798 0.99961187
1305031107.711307 0.00261102 -0.03554201 0.07616347 -0.00908053 0.01926093 -0.01700398 0.99962864
1305031107.743538 0.00187214 -0.03580575 0.07754694 -0.01362826 0.01804071 -0.01657420 0.99960697
1305031107.775802 0.00183553 -0.03769346 0.07808624 -0.01784924 0.01483648 -0.01768144 0.99957423
1305031107.811596 0.00062506 -0.03685333 0.07928855 -0.02010096 0.01379079 -0.01791217 0.99954236
1305031107.843332 0.00385629 -0.03632434 0.08031830 -0.02282001 0.01251890 -0.01823102 0.99949495
1305031107.875358 0.01152294 -0.03685597 0.08493082 -0.02365302 0.00979821 -0.02090650 0.99945357
1305031107.911541 0.01195313 -0.03577556 0.08597478 -0.02189474 0.01420872 -0.02408729 0.99936907
1305031107.943122 0.01107509 -0.03706631 0.08575457 -0.01999474 0.02036015 -0.02580438 0.99925963
1305031107.975807 0.01754363 -0.04012039 0.08632525 -0.01892629 0.02378538 -0.02530211 0.99921762
1305031108.011320 0.02455430 -0.03580566 0.08845602 -0.01252544 0.02790646 -0.02750182 0.99915364
1305031108.043418 0.03482581 -0.03806419 0.09075560 -0.01220317 0.03409050 -0.02385358 0.99905952
1305031108.075352 0.03945303 -0.03725145 0.09368879 -0.01020710 0.04562202 -0.02053290 0.99869557
1305031108.111378 0.06515330 -0.05152220 0.09378400 -0.01345997 0.04042584 -0.01965299 0.99889856
1305031108.143334 0.07582581 -0.04875021 0.09484521 -0.01052256 0.04297037 -0.01851638 0.99884932
1305031108.176058 0.08542164 -0.04536258 0.09314891 -0.01117483 0.04565787 -0.01609313 0.99876498
1305031108.211475 0.08989798 -0.04122409 0.10095559 -0.01378306 0.04917057 -0.01543036 0.99857608
1305031108.243347 0.10273550 -0.04623304 0.10657094 -0.01751862 0.05107272 -0.01773488 0.99838377
1305031108.275358 0.11218262 -0.04285071 0.10753605 -0.01608054 0.05453728 -0.01822710 0.99821585
1305031108.311332 0.11701404 -0.03731015 0.11140090 -0.01797978 0.05701912 -0.01680077 0.99806978
1305031108.343278 0.12847616 -0.03897396 0.10656784 -0.02471255 0.05367394 -0.01370946 0.99815853
1305031108.375410 0.13534571 -0.03474540 0.11134811 -0.02848597 0.05073734 -0.00974757 0.99825811
1305031108.411361 0.13961995 -0.03778898 0.11200439 -0.03616945 0.04943709 -0.00328030 0.99811672
1305031108.443610 0.15481402 -0.03548072 0.11335354 -0.03976072 0.04469239 0.00351813 0.99820303
1305031108.475471 0.16211660 -0.03733276 0.11717231 -0.04382205 0.04491237 0.01021269 0.99797706
1305031108.511378 0.18708721 -0.05249635 0.12775192 -0.05531566 0.04061200 0.01536333 0.99752434
1305031108.543737 0.19352038 -0.05813444 0.13190866 -0.05444072 0.04909611 0.01108849 0.99724762
1305031108.575414 0.19974518 -0.05045613 0.12760234 -0.04646469 0.05587960 0.01150316 0.99728942
1305031108.611407 0.21731533 -0.04914325 0.12812302 -0.04637621 0.05715851 0.01198851 0.99721534
1305031108.643303 0.22421613 -0.04894292 0.12629397 -0.04687853 0.06430147 0.01333038 0.99673970
1305031108.675375 0.23397204 -0.04280787 0.12727332 -0.04759083 0.06916593 0.01654678 0.99633197
1305031108.711411 0.24273519 -0.04036842 0.13112988 -0.05048489 0.07616577 0.02238755 0.99556459
1305031108.743502 0.24291661 -0.04594957 0.13183038 -0.05510040 0.08536758 0.02055854 0.99461232
1305031108.775493 0.25570288 -0.04293989 0.13039674 -0.05483732 0.08524590 0.02419719 0.99455543
1305031108.811244 0.25588599 -0.04278919 0.13290106 -0.05652278 0.09127066 0.02772558 0.99383406
1305031108.843264 0.25821993 -0.04480118 0.12959732 -0.05622782 0.09108310 0.03491740 0.99364132
1305031108.876515 0.25647917 -0.04732335 0.12862025 -0.05514375 0.09107510 0.04109460 0.99346652
1305031108.911364 0.24997380 -0.05523551 0.12664691 -0.05634415 0.09002447 0.04264877 0.99342942
1305031108.943243 0.25114942 -0.05437210 0.12923624 -0.05014435 0.08563963 0.04542847 0.99402598
1305031108.975268 0.24681526 -0.05222790 0.12167557 -0.04535793 0.08001204 0.04347304 0.99481196
1305031109.011269 0.24177554 -0.05370873 0.12425069 -0.04688577 0.07755558 0.04069977 0.99505296
1305031109.043277 0.24342042 -0.04910193 0.11990721 -0.04276436 0.07231694 0.03993625 0.99566388
1305031109.075410 0.24749869 -0.04054821 0.11811244 -0.03971388 0.06491459 0.03854629 0.99635490
1305031109.111282 0.23488076 -0.04627032 0.11740677 -0.04710195 0.06668956 0.03336123 0.99610287
1305031109.143334 0.21653581 -0.05373967 0.11568448 -0.05168759 0.06766431 0.02960674 0.99592840
1305031109.175464 0.21193406 -0.04628194 0.11783262 -0.04804537 0.05982533 0.02875620 0.99663717
1305031109.211379 0.20776437 -0.03740173 0.11548851 -0.04953644 0.05300403 0.03043094 0.99690053
1305031109.243290 0.19555080 -0.03528144 0.12032492 -0.05738523 0.05229958 0.03520911 0.99635938
1305031109.275308 0.19252969 -0.04180128 0.11765613 -0.06175807 0.04440759 0.04186558 0.99622346
1305031109.311329 0.17035332 -0.04530202 0.11565623 -0.06158344 0.04331940 0.04345776 0.99621400
1305031109.343248 0.15713292 -0.03743882 0.11775502 -0.06086117 0.03316146 0.04050034 0.99677277
1305031109.375397 0.15258464 -0.03993180 0.12187935 -0.06465874 0.02228271 0.04108424 0.99681233
1305031109.411329 0.14075549 -0.04120813 0.11524810 -0.06597937 0.01504846 0.03826148 0.99697358
1305031109.443302 0.14182352 -0.03564313 0.11374848 -0.06653154 0.00379040 0.03456249 0.99717833
1305031109.475363 0.13211541 -0.03749636 0.11463223 -0.06955863 0.00217699 0.03281056 0.99703577
1305031109.511273 0.12613361 -0.04344957 0.11051700 -0.07245693 -0.00283708 0.02785766 0.99697838
1305031109.543294 0.10660846 -0.03825967 0.11343703 -0.06754444 -0.00009623 0.02522735 0.99739727
1305031109.575362 0.10000739 -0.03462673 0.11174516 -0.06511378 -0.00207860 0.02457377 0.99757306
1305031109.611310 0.09737466 -0.03934690 0.10651533 -0.06754935 -0.00721519 0.02377753 0.99740646
1305031109.643229 0.07978056 -0.03236204 0.10829578 -0.06484168 -0.00431312 0.02199228 0.99764387
1305031109.675263 0.06116375 -0.03312412 0.10744207 -0.06832666 -0.00077683 0.02286409 0.99740067
1305031109.711312 0.06395479 -0.03194343 0.10670771 -0.07031940 -0.01013833 0.02489506 0.99716229
1305031109.743274 0.03394274 -0.03407675 0.10276265 -0.07654728 -0.00365294 0.02160029 0.99682526
1305031109.775277 0.02164734 -0.03468514 0.10212383 -0.07958295 -0.00304355 0.02208547 0.99657891
1305031109.811371 0.01341525 -0.03257599 0.10182306 -0.08120511 -0.00490886 0.02150443 0.99645331
1305031109.843296 0.00027351 -0.02467704 0.10562188 -0.08024096 -0.00652940 0.02034101 0.99654654
1305031109.875306 -0.01375321 -0.02259678 0.10508165 -0.08246801 -0.00812998 0.01737133 0.99640914
1305031109.911265 -0.02087360 -0.02935034 0.10916148 -0.08835211 -0.01649555 0.01329962 0.99586391
1305031109.943299 -0.02698626 -0.01860912 0.10796112 -0.08456332 -0.02157400 0.01066979 0.99612738
1305031109.975258 -0.04436819 -0.02529797 0.11145769 -0.09343278 -0.01947366 0.00550298 0.99541992
1305031110.011256 -0.04707497 -0.02628420 0.11309502 -0.09700897 -0.02635228 -0.00014760 0.99493457
1305031110.043299 -0.05854045 -0.02393108 0.11566958 -0.09846522 -0.02707155 -0.00752728 0.99474372
1305031110.075319 -0.06769699 -0.02009730 0.11729687 -0.09915658 -0.02781598 -0.01216854 0.99460855
1305031110.111325 -0.07662425 -0.02007250 0.11819350 -0.10360836 -0.03034489 -0.01729096 0.99400479
1305031110.143432 -0.08370002 -0.02037236 0.12276445 -0.10519587 -0.03567347 -0.01972035 0.99361579
1305031110.175641 -0.09365337 -0.01912873 0.12022710 -0.10680960 -0.03859330 -0.02153509 0.99329679
1305031110.211637 -0.10284418 -0.01901937 0.12467783 -0.11093881 -0.04158593 -0.02173349 0.99271892
1305031110.243323 -0.10441174 -0.02225707 0.12768711 -0.11323395 -0.05051118 -0.02025417 0.99207684
1305031110.279321 -0.11215942 -0.02305291 0.12458080 -0.11138480 -0.05389034 -0.02098423 0.99209320
1305031110.311404 -0.12823801 -0.02694909 0.12149899 -0.11063267 -0.05269580 -0.02420896 0.99216808
1305031110.343355 -0.13476957 -0.02577354 0.12151629 -0.10943249 -0.05883477 -0.02457524 0.99194710
1305031110.379281 -0.14566280 -0.02114917 0.12148935 -0.10563284 -0.06333891 -0.02766024 0.99200040
1305031110.411469 -0.16596803 -0.00883280 0.12108719 -0.10011905 -0.06195912 -0.03173520 0.99253721
1305031110.443260 -0.17501576 -0.01229724 0.11766862 -0.10687049 -0.06679752 -0.03511743 0.99140484
1305031110.479331 -0.18714717 -0.01242601 0.11898591 -0.10939372 -0.07219371 -0.04075656 0.99053520
1305031110.511429 -0.19854258 -0.01218993 0.11682112 -0.10998799 -0.07917305 -0.04462653 0.98976903
1305031110.543408 -0.20506167 -0.00051156 0.12058067 -0.10597328 -0.08773927 -0.04829658 0.98931235
1305031110.579426 -0.21059094 -0.00550475 0.11754008 -0.11500931 -0.09507272 -0.05183366 0.98744484
1305031110.611307 -0.21446444 -0.00712899 0.12002714 -0.11963901 -0.10125444 -0.05497129 0.98610963
1305031110.643418 -0.22425339 0.00062408 0.12432026 -0.11332404 -0.09989637 -0.05655224 0.98690436
1305031110.679606 -0.23490530 0.00128298 0.12089176 -0.11442207 -0.09951461 -0.05956979 0.98663867
1305031110.711412 -0.23593651 0.00169893 0.11628839 -0.11635210 -0.10224542 -0.06045375 0.98607982
1305031110.743249 -0.24143493 0.00004264 0.11646979 -0.11791305 -0.10316586 -0.06185860 0.98571133
1305031110.779193 -0.24208395 0.00708952 0.12572327 -0.11505137 -0.10753704 -0.06313790 0.98550118
1305031110.811386 -0.24585257 0.00585446 0.11588823 -0.11535554 -0.10536458 -0.06602477 0.98551110
1305031110.843218 -0.24075523 0.00591720 0.12680797 -0.11823064 -0.11397533 -0.06545391 0.98424942
1305031110.879313 -0.24672815 0.00836278 0.12394151 -0.11674638 -0.11221528 -0.06551958 0.98462439
1305031110.911333 -0.24346389 0.00546290 0.12561512 -0.11944903 -0.11535066 -0.06610073 0.98389880
1305031110.943862 -0.24533281 0.01181553 0.11927860 -0.11449020 -0.11404875 -0.06832252 0.98448815
1305031110.979345 -0.23720314 0.01482208 0.13321385 -0.11512892 -0.11744117 -0.06763220 0.98406239
1305031111.011431 -0.23255208 0.01399316 0.12475170 -0.11549154 -0.10971865 -0.06750619 0.98491951
1305031111.043327 -0.23009285 0.01487715 0.13298006 -0.11522406 -0.10477054 -0.06627856 0.98557278
1305031111.079283 -0.22817032 0.00754106 0.14186049 -0.12262572 -0.10211352 -0.06215757 0.98522698
1305031111.111508 -0.21832816 0.00804976 0.13807063 -0.12301050 -0.10068979 -0.05934595 0.98549888
1305031111.143257 -0.21056737 0.00445297 0.13489895 -0.12288584 -0.09756489 -0.05871494 0.98586648
1305031111.179326 -0.19761081 0.00774426 0.13452625 -0.11781750 -0.09490788 -0.06108179 0.98660050
1305031111.211433 -0.19387057 0.00605380 0.12588070 -0.11618199 -0.08192747 -0.05609445 0.98825252
1305031111.243236 -0.18299794 0.00410578 0.12708998 -0.11599312 -0.08235619 -0.05710772 0.98818104
1305031111.279308 -0.15636797 -0.01436140 0.13006572 -0.12237081 -0.09323090 -0.05219617 0.98671624
1305031111.311547 -0.17089400 0.00398759 0.11813616 -0.10652571 -0.07213003 -0.05390627 0.99022404
1305031111.343397 -0.15962414 0.00218679 0.12980159 -0.11368510 -0.08003532 -0.05121174 0.98896279
1305031111.379134 -0.14796646 -0.00843554 0.12603343 -0.11650713 -0.08237742 -0.04873530 0.98856710
1305031111.411296 -0.13419960 -0.00898061 0.12627026 -0.11318156 -0.08805186 -0.04688748 0.98855368
1305031111.443386 -0.13189426 0.00101322 0.12892713 -0.10639626 -0.08879091 -0.05228470 0.98897033
1305031111.479259 -0.09774113 -0.00838952 0.13970207 -0.10879382 -0.09799157 -0.04975004 0.98797090
1305031111.511264 -0.08903024 -0.01358162 0.13616307 -0.10972754 -0.08272170 -0.04853635 0.98932361
1305031111.543250 -0.07849313 -0.01446190 0.14226013 -0.10639725 -0.07752087 -0.04744945 0.99016094
1305031111.579237 -0.06939711 -0.01250778 0.13620456 -0.10098240 -0.06551575 -0.04135535 0.99186692
1305031111.611271 -0.06508554 -0.01926031 0.13316894 -0.10518585 -0.05779061 -0.03591659 0.99212206
1305031111.643395 -0.04604176 -0.02219426 0.14067911 -0.10308587 -0.06408433 -0.02762207 0.99222151
1305031111.679320 -0.03416726 -0.01774368 0.13423425 -0.09511394 -0.05468037 -0.02016512 0.99375891
1305031111.711760 -0.01837088 -0.02046460 0.13767831 -0.09631927 -0.05013537 -0.01874754 0.99391024
1305031111.743386 -0.00725840 -0.01526426 0.14469284 -0.08834866 -0.03825866 -0.01739444 0.99520260
1305031111.779423 0.00312766 -0.01428278 0.13984980 -0.08453418 -0.01743071 -0.01480911 0.99615804
1305031111.811406 0.01382918 -0.01707317 0.14174756 -0.08298243 -0.00423449 -0.01454747 0.99643583
1305031111.843299 0.01826751 -0.01952753 0.13507724 -0.07973169 0.00964562 -0.01484875 0.99665909
1305031111.879442 0.02482233 -0.02152462 0.13405767 -0.08187187 0.01765712 -0.01133068 0.99642202
1305031111.911354 0.02120776 -0.02626583 0.13144489 -0.08244300 0.02526084 -0.00707050 0.99625050
1305031111.943300 0.03640070 -0.02545862 0.13417448 -0.08034153 0.01759281 0.00249738 0.99660900
1305031111.979449 0.04267631 0.01118034 0.12350771 -0.05154968 0.02249394 0.00998758 0.99836712
1305031112.011433 0.05966217 0.01046441 0.12720883 -0.04999411 0.02596025 0.01045641 0.99835731
1305031112.043270 0.07210294 0.00498307 0.12303914 -0.04791815 0.03298516 0.00874973 0.99826814
1305031112.079339 0.08676770 0.00376821 0.12186551 -0.04649685 0.04316016 0.00877927 0.99794698
1305031112.111423 0.10761549 -0.00325921 0.12253950 -0.04855658 0.04385067 0.00401035 0.99784933
1305031112.144342 0.11703422 -0.00020036 0.11824270 -0.04638415 0.04893900 -0.00158820 0.99772289
1305031112.179390 0.14198472 0.00012328 0.12118164 -0.04849452 0.05338967 -0.00446517 0.99738553
1305031112.211254 0.15073848 -0.00611284 0.12585981 -0.05109005 0.06447602 -0.00789256 0.99657933
1305031112.243369 0.14951245 -0.01710143 0.12256815 -0.05035159 0.08053798 -0.01659799 0.99534057
1305031112.279353 0.16556492 -0.01460615 0.12036912 -0.04269967 0.08051813 -0.02155082 0.99560491
1305031112.311312 0.17877552 -0.01458487 0.12029836 -0.03491360 0.07993713 -0.02073520 0.99597246
1305031112.343323 0.17891338 -0.01677696 0.12220746 -0.02993085 0.08447387 -0.02215202 0.99572968
1305031112.379360 0.18883424 -0.01953684 0.11620812 -0.02668542 0.08321358 -0.01713750 0.99602696
1305031112.411442 0.19195655 -0.01836363 0.11484011 -0.02362200 0.08224847 -0.01665723 0.99619262
1305031112.443391 0.20197694 -0.02462567 0.11653679 -0.02421534 0.08148612 -0.01012815 0.99632879
1305031112.479418 0.20985983 -0.01642624 0.11494023 -0.01612905 0.07914435 0.00147180 0.99673159
1305031112.511504 0.21121716 -0.02113788 0.11434609 -0.01676819 0.07846943 0.00803730 0.99674309
1305031112.643246 0.25661722 -0.00761719 0.11514628 -0.00798199 0.07020991 0.03632491 0.99683868
1305031112.843286 0.24299969 -0.00797648 0.11181890 -0.03051189 0.09174877 0.04037987 0.99449518
1305031113.011353 0.22354145 -0.00322483 0.11016411 -0.03790786 0.06821447 0.03907358 0.99618424
1305031113.043231 0.20020632 0.02499302 0.10994872 -0.02232696 0.07853459 0.04045066 0.99584013
1305031113.111316 0.17894083 -0.00568823 0.11389016 -0.04106969 0.07469985 0.03075573 0.99588518
1305031113.143306 0.19846243 0.00147026 0.11616600 -0.04147270 0.05222406 0.03115694 0.99728727
1305031113.179343 0.16195986 0.00098941 0.11518586 -0.04152146 0.06990991 0.03072692 0.99621505
1305031113.211259 0.12994124 0.00221519 0.10656133 -0.03653261 0.07653097 0.02812042 0.99600081
1305031113.243227 0.13018252 -0.00168814 0.11020847 -0.04366361 0.06334602 0.03365415 0.99646785
1305031113.279312 0.12517214 -0.00601373 0.11129519 -0.04709516 0.05371208 0.03199018 0.99693214
1305031113.311452 0.10809980 -0.00865453 0.10920417 -0.04122229 0.04954857 0.03563293 0.99728429
1305031113.343252 0.08416519 0.00490273 0.10869455 -0.02842294 0.04577869 0.03460277 0.99794744
1305031113.379312 0.08149339 -0.00081863 0.11177634 -0.03710785 0.03187820 0.03546225 0.99817294
1305031113.411625 0.07482678 -0.01453003 0.11739684 -0.04373265 0.02021624 0.03603976 0.99818831
1305031113.443266 0.06237660 -0.00356313 0.11868031 -0.03695023 0.01334255 0.03293572 0.99868508
1305031113.479311 0.04559699 -0.00484420 0.11706748 -0.04091303 0.00854020 0.02707363 0.99875933
1305031113.511523 0.03689102 -0.00242209 0.11853933 -0.04328680 0.00018565 0.02366328 0.99878239
1305031113.543242 0.01792342 -0.00471957 0.11947588 -0.04542801 -0.00215167 0.01895449 0.99878546
1305031113.579301 0.00809238 -0.00505144 0.11458122 -0.04584430 -0.00734764 0.01533357 0.99880388
1305031113.611268 0.00516565 0.00047998 0.11649726 -0.04519627 -0.01532211 0.01135763 0.99879604
1305031113.643222 -0.00556800 -0.00544970 0.11716820 -0.05193114 -0.01511091 0.00774951 0.99850627
1305031113.679288 -0.01215831 -0.00927477 0.12139696 -0.05568725 -0.01657515 0.00613441 0.99829182
1305031113.711931 -0.01553316 -0.01055220 0.11942692 -0.05656700 -0.02067957 0.00084083 0.99818426
1305031113.743590 -0.03247290 -0.00667992 0.11818716 -0.05303774 -0.01315095 -0.00527635 0.99849197
1305031113.779320 -0.04574472 -0.00254274 0.12087688 -0.04896691 -0.00899550 -0.01008160 0.99870901
1305031113.811237 -0.05631879 -0.00411035 0.12059027 -0.04955915 -0.00752430 -0.01130204 0.99867890
1305031113.843295 -0.06625462 0.00113313 0.12088875 -0.04738952 -0.00498424 -0.01502674 0.99875101
1305031113.879281 -0.07976917 -0.00732448 0.12332442 -0.05014688 -0.00318285 -0.01991763 0.99853816
1305031113.911290 -0.08398295 -0.00171749 0.12084430 -0.04401618 -0.00727600 -0.01923165 0.99881919
1305031113.943291 -0.08999486 -0.00543902 0.12074012 -0.04393888 -0.00672637 -0.02111092 0.99878850
1305031113.979293 -0.10232081 -0.00541303 0.12601225 -0.04079873 -0.00436033 -0.02605845 0.99881801
1305031114.011257 -0.11918779 0.00481065 0.12512797 -0.03102166 -0.00011655 -0.03286826 0.99897814
1305031114.043301 -0.12681665 -0.00094742 0.12828384 -0.03433983 -0.00694113 -0.03477701 0.99878084
1305031114.079285 -0.15090935 0.00429677 0.12763812 -0.02760895 -0.00347432 -0.03597549 0.99896518
1305031114.111263 -0.15557936 0.00507461 0.12837866 -0.02603908 -0.01372714 -0.03926180 0.99879530
1305031114.143284 -0.16165103 0.00292749 0.12431889 -0.02739527 -0.01956309 -0.03952108 0.99865153
1305031114.179337 -0.16335744 -0.00133355 0.12754470 -0.02675215 -0.02669877 -0.04177494 0.99841191
1305031114.211303 -0.17956154 0.01223165 0.12263349 -0.01764986 -0.02244263 -0.04633246 0.99851796
1305031114.243337 -0.18968602 0.00539146 0.12691207 -0.02490033 -0.02537251 -0.04978363 0.99812715
1305031114.279390 -0.20484130 0.00315431 0.12642120 -0.02584095 -0.03041585 -0.05140876 0.99787988
1305031114.311429 -0.19941911 0.01413822 0.13146022 -0.02285205 -0.04568500 -0.04865811 0.99750842
1305031114.343331 -0.19746341 0.02298929 0.13760869 -0.01843463 -0.05790091 -0.04943391 0.99692725
1305031114.379320 -0.20492499 0.02068107 0.13657044 -0.01924966 -0.06037962 -0.05420454 0.99651674
1305031114.411397 -0.21595101 0.01762837 0.13352072 -0.02044683 -0.06013384 -0.05711798 0.99634501
1305031114.443345 -0.22633925 0.01408694 0.13240397 -0.02285099 -0.06420163 -0.06171218 0.99576483
1305031114.479332 -0.22920534 0.01400217 0.13368668 -0.02314855 -0.07394314 -0.05994040 0.99519029
1305031114.511266 -0.22633234 0.02322892 0.13664813 -0.01799688 -0.08891630 -0.05982295 0.99407807
1305031114.543236 -0.23239881 0.01349355 0.13696617 -0.02735223 -0.09302607 -0.05911962 0.99353051
1305031114.579237 -0.23669481 0.00987852 0.13518131 -0.03043807 -0.09222679 -0.05618470 0.99368558
1305031114.611391 -0.23078728 0.01834294 0.13829249 -0.02763943 -0.10008136 -0.05320002 0.99317146
1305031114.644136 -0.23628117 0.02050304 0.13978894 -0.03174951 -0.10150036 -0.04849547 0.99314542
1305031114.679251 -0.25071928 0.00925534 0.14021733 -0.04133280 -0.10261566 -0.05529310 0.99232268
1305031114.711306 -0.24573609 0.01294832 0.13984044 -0.03869485 -0.10985643 -0.05102690 0.99188232
1305031114.743200 -0.25067210 0.00263988 0.14035407 -0.04400604 -0.11123484 -0.05398578 0.99135050
1305031114.779289 -0.24598716 0.01260870 0.14515597 -0.03529848 -0.11752059 -0.05918039 0.99067684
1305031114.811303 -0.25562111 0.00323432 0.13492163 -0.04192858 -0.10962412 -0.05888653 0.99134097
1305031114.843208 -0.24510603 0.00733811 0.13176751 -0.03876994 -0.11686262 -0.06109610 0.99050860
1305031114.879281 -0.24524564 0.00990671 0.13542593 -0.03890138 -0.11460483 -0.05982938 0.99084452
1305031114.912879 -0.23400840 0.02048489 0.14400041 -0.03375846 -0.12165445 -0.05959960 0.99020627
1305031114.943234 -0.22968748 0.02406555 0.14556558 -0.03491656 -0.12123530 -0.06386981 0.98995125
1305031114.979280 -0.22556472 0.02173642 0.13922915 -0.03893021 -0.11818414 -0.06214401 0.99028030
1305031115.011300 -0.21576422 0.02247388 0.13907881 -0.04377602 -0.12050715 -0.06378536 0.98969344
1305031115.043508 -0.21243677 0.01942576 0.15039448 -0.04977626 -0.11631905 -0.06339415 0.98993605
1305031115.079238 -0.19627303 0.03174758 0.15074508 -0.04314192 -0.11920261 -0.06336456 0.98990628
1305031115.111230 -0.19388650 0.03259588 0.16067129 -0.04753393 -0.11011679 -0.06572443 0.99060341
1305031115.143275 -0.18723705 0.01858688 0.14761731 -0.05697615 -0.09885463 -0.06174550 0.99154878
1305031115.179440 -0.18494590 0.02715306 0.15605269 -0.05405509 -0.09238691 -0.06334036 0.99223521
1305031115.211374 -0.16644455 0.01873068 0.16372330 -0.05869192 -0.09620205 -0.05915279 0.99186762
1305031115.243297 -0.15529236 0.01526770 0.16075899 -0.05547783 -0.09063131 -0.05461332 0.99283713
1305031115.279966 -0.15701099 0.01660457 0.15709107 -0.05582164 -0.07809966 -0.04896076 0.99417666
1305031115.311704 -0.13203292 0.01315829 0.16796738 -0.05616193 -0.08278937 -0.04323546 0.99404349
1305031115.343235 -0.12553750 0.02775011 0.17243044 -0.04313438 -0.07047430 -0.04264981 0.99566751
1305031115.379166 -0.13676523 0.03147181 0.16178390 -0.04648754 -0.05340372 -0.04144520 0.99662894
1305031115.411237 -0.12159677 0.01824444 0.16348366 -0.06157042 -0.06183146 -0.03640574 0.99552025
1305031115.443159 -0.10074345 0.02406904 0.16789077 -0.06099327 -0.06908636 -0.02825849 0.99534333
1305031115.479241 -0.08994734 0.01583264 0.16977145 -0.07170803 -0.06923111 -0.02484481 0.99470988
1305031115.511253 -0.06807397 0.02198151 0.18415469 -0.06990669 -0.07280346 -0.02253860 0.99463799
1305031115.543604 -0.05453513 0.01268412 0.17953740 -0.07639039 -0.05658483 -0.01257449 0.99539166
1305031115.579315 -0.04745325 0.01485392 0.17813802 -0.07344908 -0.04085682 -0.00897993 0.99642125
1305031115.611424 -0.03701763 0.02201705 0.17609200 -0.06622585 -0.03389418 -0.00534330 0.99721451
1305031115.643254 -0.02911426 0.01660555 0.17676170 -0.06785088 -0.02364636 0.00161182 0.99741391
1305031115.679241 -0.01950872 0.01297639 0.17613459 -0.06812793 -0.02028555 0.01073030 0.99741262
1305031115.711320 -0.00354170 0.01946703 0.17416036 -0.06376428 -0.02160793 0.01976544 0.99753523
1305031115.743250 0.01136479 0.01640812 0.18114464 -0.06515344 -0.01602069 0.02525568 0.99742695
1305031115.779425 0.02015346 0.01806887 0.17262492 -0.06185902 -0.00223959 0.03338879 0.99752375
1305031115.811277 0.03524365 0.01731073 0.16943336 -0.06249884 0.00557295 0.04061237 0.99720282
1305031115.843224 0.04233978 0.01613522 0.17257646 -0.06515072 0.01888395 0.04666589 0.99660477
1305031115.879198 0.05344786 0.01161590 0.16942295 -0.06588072 0.02505716 0.05286067 0.99611125
1305031115.911118 0.06297826 0.01307420 0.16616735 -0.06298961 0.03049328 0.05753685 0.99588753
1305031115.943311 0.07724901 0.01020230 0.16418999 -0.06630726 0.03554896 0.06325514 0.99515748
1305031115.980740 0.08342424 0.01420219 0.16537030 -0.06530496 0.04420829 0.06839557 0.99453654
1305031116.011379 0.10090125 0.02309401 0.17470010 -0.06387882 0.04675634 0.07136408 0.99430403
1305031116.043164 0.11455037 0.02025540 0.16782056 -0.06821691 0.05785871 0.06899453 0.99359880
1305031116.080030 0.11277968 0.04097931 0.16962713 -0.05910755 0.07501111 0.07135695 0.99286848
1305031116.111300 0.12511522 0.03605950 0.16957167 -0.06947234 0.08468914 0.07508475 0.99114258
1305031116.143441 0.13569327 0.02407461 0.16756156 -0.08160152 0.09224993 0.07722842 0.98937703
1305031116.179572 0.15016501 0.02282121 0.17021923 -0.08631594 0.09299051 0.07935148 0.98873943
1305031116.211299 0.17237355 0.01311072 0.16607571 -0.09806840 0.08843060 0.08360172 0.98771118
1305031116.243320 0.16190155 0.01769683 0.17206952 -0.09627182 0.10890815 0.08488918 0.98573048
1305031116.279385 0.19262572 0.03818626 0.17523490 -0.08297311 0.10245926 0.09682982 0.98653005
1305031116.311336 0.20156325 0.01138635 0.17362879 -0.10609787 0.11274888 0.09686522 0.98318262
1305031116.343292 0.20790434 0.01150285 0.17107137 -0.10547596 0.11859974 0.10431148 0.98179837
1305031116.379384 0.21605721 0.01117406 0.17575414 -0.10180992 0.11735806 0.10131412 0.98264809
1305031116.411333 0.20714505 0.01011241 0.16638747 -0.09642438 0.12870092 0.10278732 0.98161763
1305031116.443369 0.20399541 0.02260938 0.16634712 -0.09130552 0.13290059 0.11614199 0.98005702
1305031116.479850 0.20862351 0.00772430 0.16282578 -0.10039995 0.13291138 0.11835602 0.97890054
1305031116.511205 0.18811615 0.01475076 0.16760541 -0.09232394 0.14214843 0.10549130 0.97986821
1305031116.543262 0.19124644 -0.00061184 0.15852469 -0.10007019 0.13918923 0.10976529 0.97906276
1305031116.579313 0.17927270 0.01660651 0.16022003 -0.08847765 0.13884926 0.10532306 0.98071384
1305031116.611261 0.15219156 0.01638694 0.16389520 -0.08624705 0.14611927 0.09619885 0.98079375
1305031116.643355 0.15476008 0.00196117 0.15098667 -0.09436979 0.12599743 0.08658192 0.98372891
1305031116.679281 0.16804245 0.00792340 0.15522851 -0.09145941 0.10398326 0.08285729 0.98689276
1305031116.711634 0.14954740 0.01763688 0.15737328 -0.08461762 0.10493675 0.07499766 0.98803010
1305031116.743291 0.12152800 0.02371241 0.15376212 -0.08145273 0.10921909 0.05833570 0.98895581
1305031116.779298 0.10477921 0.02019625 0.15386097 -0.08615789 0.10868383 0.04685818 0.98922644
1305031116.811318 0.07275405 0.03056358 0.15416642 -0.07697967 0.11739747 0.03702473 0.98940443
1305031116.846089 0.06337519 0.02841698 0.16477181 -0.07833587 0.10572548 0.03730376 0.99060287
1305031116.880165 0.06342132 0.02893949 0.16495591 -0.08092450 0.08711640 0.03411828 0.99231945
1305031116.912044 0.03683715 0.01985186 0.16318767 -0.08571853 0.08421161 0.02891778 0.99233286
1305031116.943296 0.03816475 0.02740012 0.16437846 -0.08414679 0.05734240 0.02233124 0.99455140
1305031116.979351 0.01803535 0.03437760 0.16737884 -0.07867080 0.04917384 0.01084047 0.99562810
1305031117.011382 0.00639088 0.02400802 0.15651254 -0.08461791 0.03761937 0.00312592 0.99569816
1305031117.043261 0.00238873 0.03125181 0.16256467 -0.08044026 0.02048984 0.00085550 0.99654844
1305031117.079520 -0.01128830 0.03034663 0.15904593 -0.08368648 0.01185904 -0.00500580 0.99640899
1305031117.111238 -0.01660684 0.03324095 0.16447878 -0.08478206 -0.00266409 -0.00451400 0.99638573
1305031117.143218 -0.02894407 0.03772726 0.16078520 -0.08550776 -0.01148718 -0.00499914 0.99625874
1305031117.179264 -0.03646146 0.04165925 0.16049550 -0.08685425 -0.02074672 -0.00989365 0.99595584
1305031117.211361 -0.03127294 0.03839754 0.15978019 -0.09158070 -0.03470405 -0.01310863 0.99510641
1305031117.243277 -0.03892380 0.04313991 0.15631995 -0.09219840 -0.03294501 -0.01558259 0.99507350
1305031117.279299 -0.03663049 0.03968471 0.16130061 -0.10004758 -0.03570938 -0.01923282 0.99415563
1305031117.311200 -0.03892323 0.03830760 0.16226539 -0.10402853 -0.03381827 -0.02082198 0.99378108
1305031117.343243 -0.04146693 0.03377504 0.16189812 -0.10725809 -0.03327530 -0.02215876 0.99342712
1305031117.379454 -0.03825630 0.03009751 0.16547200 -0.10815798 -0.03624841 -0.02146375 0.99324076
1305031117.411221 -0.04662845 0.03004291 0.16246104 -0.10429171 -0.03305398 -0.02262537 0.99373979
1305031117.443274 -0.04160669 0.02321358 0.16242354 -0.10433766 -0.03807938 -0.01980691 0.99361527
1305031117.479403 -0.03895463 0.01946962 0.16284648 -0.10256100 -0.04108309 -0.01888202 0.99369859
1305031117.511325 -0.04072492 0.01114534 0.16383824 -0.10152286 -0.04134387 -0.01633796 0.99383946
1305031117.544285 -0.04753790 0.01418240 0.16089556 -0.09169121 -0.03825648 -0.01672264 0.99491181
1305031117.579155 -0.04751720 0.00745939 0.16241750 -0.09024423 -0.04054230 -0.01859613 0.99492034
1305031117.611159 -0.04665310 0.00220170 0.16244513 -0.08971321 -0.04305959 -0.01775764 0.99487792
1305031117.643252 -0.05024742 -0.00318376 0.16493599 -0.08807665 -0.04340205 -0.01676010 0.99502657
1305031117.679262 -0.04892335 -0.00399276 0.16524635 -0.08500799 -0.04710529 -0.01573780 0.99514173
1305031117.711184 -0.05049422 -0.01850139 0.16950691 -0.09135964 -0.04905574 -0.01385209 0.99451248
1305031117.743184 -0.04593581 -0.02604888 0.17437546 -0.09276590 -0.05439179 -0.00915744 0.99415902
1305031117.779467 -0.04534846 -0.02819288 0.17606620 -0.09047531 -0.05761483 -0.00793093 0.99419910
1305031117.811320 -0.04943552 -0.03589132 0.17871733 -0.09153347 -0.05672633 -0.00647302 0.99416389
1305031117.843291 -0.04293980 -0.04340750 0.18590651 -0.08994436 -0.06108136 -0.00504760 0.99405915
1305031117.879451 -0.04295306 -0.04938429 0.18524961 -0.08860697 -0.05704244 -0.00483373 0.99442023
1305031117.911407 -0.05133669 -0.05698768 0.18640000 -0.08765504 -0.04984123 -0.00658387 0.99488145
1305031117.943253 -0.04294760 -0.06354266 0.19486694 -0.08820770 -0.05414450 -0.00481006 0.99461784
1305031117.979228 -0.05076557 -0.06576376 0.19158614 -0.08640491 -0.04674297 -0.00706574 0.99513786
1305031118.011228 -0.04306578 -0.08089170 0.20144950 -0.09376500 -0.05275302 -0.00548473 0.99418065
1305031118.043521 -0.05378083 -0.08473341 0.20268488 -0.09063097 -0.04467760 -0.00839986 0.99484641
1305031118.079334 -0.05161267 -0.09078992 0.20948914 -0.09012711 -0.04531329 -0.01016056 0.99484701
1305031118.111217 -0.04727834 -0.10331024 0.21115030 -0.09238508 -0.04220741 -0.01218793 0.99475373
1305031118.143256 -0.04591045 -0.10526620 0.21539882 -0.08913757 -0.03989172 -0.01284034 0.99513731
1305031118.179323 -0.04598839 -0.11023375 0.21823904 -0.08701746 -0.03603957 -0.01366983 0.99546082
1305031118.211202 -0.05357782 -0.12629220 0.22236145 -0.08963396 -0.02975879 -0.01330060 0.99544124
1305031118.243173 -0.04955884 -0.13002841 0.22714196 -0.08453613 -0.03484733 -0.01386802 0.99571431
1305031118.279194 -0.05065188 -0.13036941 0.23238301 -0.07861854 -0.03424085 -0.01008276 0.99626554
1305031118.311299 -0.05234837 -0.14588597 0.22883378 -0.07652517 -0.03238024 -0.01313575 0.99645515
1305031118.343324 -0.05282120 -0.14555795 0.23005082 -0.06818160 -0.03060394 -0.01416497 0.99710281
1305031118.379208 -0.05417162 -0.15280469 0.23409072 -0.06627449 -0.02905814 -0.01434577 0.99727505
1305031118.411296 -0.05351866 -0.15449688 0.23408429 -0.06368132 -0.03152342 -0.01224419 0.99739713
1305031118.445692 -0.05039389 -0.15870208 0.23345354 -0.06310576 -0.03184276 -0.01064043 0.99744197
1305031118.479285 -0.05030389 -0.13632433 0.24677186 -0.05252407 -0.03527450 -0.00515671 0.99798314
1305031118.511255 -0.05823207 -0.14566647 0.24249083 -0.05357796 -0.03030533 -0.01162933 0.99803595
1305031118.544414 -0.05701242 -0.14438424 0.24313071 -0.05556751 -0.02945305 -0.01071243 0.99796293
1305031118.579285 -0.04691678 -0.13199626 0.24384570 -0.05234442 -0.03396781 -0.00729556 0.99802456
1305031118.616142 -0.04801530 -0.12749463 0.24054551 -0.05199544 -0.03006407 -0.00946543 0.99814980
1305031118.645325 -0.05117976 -0.12912911 0.23344259 -0.05474719 -0.02492074 -0.01616310 0.99805834
1305031118.679295 -0.04445551 -0.12183675 0.23778991 -0.05904184 -0.02832196 -0.01265765 0.99777338
1305031118.711421 -0.05150611 -0.12215783 0.23695941 -0.06035198 -0.02539050 -0.02001808 0.99765337
1305031118.746770 -0.05826439 -0.11371788 0.23221406 -0.05687907 -0.02542692 -0.02048698 0.99784695
1305031118.779277 -0.05071985 -0.10068804 0.23006941 -0.05724182 -0.03343825 -0.01806015 0.99763675
1305031118.811221 -0.04884486 -0.10195404 0.22688350 -0.06631332 -0.03489840 -0.01731366 0.99703805
1305031118.846753 -0.04350752 -0.09029029 0.22426677 -0.05744287 -0.03865615 -0.01809848 0.99743594
1305031118.879208 -0.04854342 -0.07735598 0.21396904 -0.05431874 -0.03265633 -0.02321023 0.99771956
1305031118.911177 -0.04357421 -0.07056486 0.21559975 -0.05767863 -0.03450910 -0.02148670 0.99750720
1305031118.946974 -0.04656553 -0.06161867 0.20561035 -0.05438202 -0.03122728 -0.02648750 0.99768024
1305031118.979374 -0.04383593 -0.05675734 0.19832616 -0.05798240 -0.03203896 -0.03072410 0.99733022
1305031119.011363 -0.04438151 -0.04629079 0.19764726 -0.06103162 -0.03284636 -0.03129992 0.99710409
1305031119.047172 -0.04789351 -0.04168006 0.19628420 -0.06510784 -0.03145779 -0.02998600 0.99693140
1305031119.079223 -0.05019271 -0.03368832 0.19143304 -0.06527352 -0.03288972 -0.02936628 0.99689280
1305031119.111328 -0.05062062 -0.02657744 0.18388483 -0.06419086 -0.03670653 -0.03000818 0.99681075
1305031119.147616 -0.05982669 -0.02055524 0.18118939 -0.06607788 -0.03497260 -0.03030212 0.99674090
1305031119.179226 -0.05900118 -0.01018510 0.17272715 -0.06187464 -0.03929144 -0.03082171 0.99683386
1305031119.211364 -0.05036577 -0.00305493 0.17150135 -0.06018356 -0.04690892 -0.02726600 0.99671162
1305031119.247399 -0.04662271 0.00340044 0.16956156 -0.06026504 -0.05157223 -0.02491026 0.99653796
1305031119.279212 -0.05885229 0.01387926 0.16194698 -0.05707592 -0.04371323 -0.02801921 0.99701876
1305031119.311212 -0.05568627 0.01524457 0.16089009 -0.06097759 -0.04616735 -0.02388550 0.99678473
1305031119.347741 -0.05429304 0.02372596 0.15831618 -0.05786751 -0.04944184 -0.02163310 0.99686452
1305031119.379239 -0.05291409 0.02765922 0.15489249 -0.06020007 -0.05253828 -0.02102194 0.99658103
1305031119.411484 -0.05359241 0.03276894 0.15138888 -0.06204673 -0.05109785 -0.01940004 0.99657556
1305031119.447706 -0.05435780 0.04111052 0.14829338 -0.06091754 -0.04723771 -0.01938600 0.99683591
1305031119.479267 -0.05173838 0.04959959 0.14716946 -0.05904203 -0.04806904 -0.02049241 0.99688689
1305031119.511240 -0.04982806 0.05811479 0.14507283 -0.05979988 -0.04831663 -0.01893353 0.99686057
1305031119.547382 -0.05218205 0.06724256 0.14195082 -0.06000091 -0.04671316 -0.01784525 0.99694499
1305031119.579559 -0.05013270 0.07645068 0.13939708 -0.06112144 -0.04656942 -0.01802313 0.99688045
1305031119.615017 -0.04993868 0.08065256 0.13863872 -0.06746114 -0.04458659 -0.01533151 0.99660723
1305031119.647903 -0.04720994 0.09170935 0.13719614 -0.06858471 -0.04699770 -0.01516682 0.99642226
1305031119.679208 -0.04631540 0.09971193 0.13606301 -0.07229939 -0.04465367 -0.01551332 0.99626211
1305031119.715232 -0.04731220 0.10583344 0.13612166 -0.07886441 -0.03886966 -0.01415004 0.99602677
1305031119.747193 -0.05885554 0.11044930 0.13406260 -0.08334953 -0.03043496 -0.00965071 0.99600875
1305031119.779169 -0.05754808 0.12088703 0.13458385 -0.08418964 -0.03345457 -0.00819760 0.99585425
1305031119.814537 -0.04977668 0.12397838 0.13510771 -0.08843256 -0.03967756 -0.00426140 0.99528248
1305031119.847429 -0.05604676 0.13385256 0.13495970 -0.08905598 -0.03403096 -0.00024848 0.99544506
1305031119.879214 -0.05049976 0.13288622 0.13404626 -0.09372606 -0.03597728 0.00125892 0.99494697
1305031119.911401 -0.05154622 0.14086202 0.13114229 -0.09182282 -0.03350543 0.00161034 0.99521021
1305031119.947392 -0.05100794 0.14810368 0.12715077 -0.09588071 -0.03183229 0.00316600 0.99487867
1305031119.979537 -0.05236247 0.15130650 0.12659939 -0.09890657 -0.02722360 0.00173143 0.99472276
1305031120.015264 -0.05220826 0.16064771 0.12483629 -0.10047738 -0.02399921 0.00469535 0.99463877
1305031120.047290 -0.05331358 0.15928614 0.12549886 -0.11049979 -0.02322299 0.00380036 0.99359753
1305031120.079418 -0.05426860 0.15655254 0.12806366 -0.11465983 -0.02549861 0.00655246 0.99305589
1305031120.115232 -0.05463586 0.15959464 0.12560573 -0.11491748 -0.02764281 0.00788875 0.99295902
1305031120.148157 -0.05436145 0.15895498 0.12672384 -0.11651046 -0.02846096 0.00838882 0.99274615
1305031120.179246 -0.04827619 0.15389729 0.12829435 -0.11716028 -0.03197258 0.01143330 0.99253237
1305031120.215249 -0.05391430 0.15221936 0.12303569 -0.11134712 -0.02678613 0.01026020 0.99336753
1305031120.248003 -0.05331963 0.14889254 0.12622322 -0.10784516 -0.02805847 0.00773073 0.99374161
1305031120.279430 -0.05563924 0.14705406 0.12736262 -0.10272059 -0.02539291 0.00514115 0.99437279
1305031120.315196 -0.05462219 0.13909857 0.12761989 -0.10219019 -0.02546468 0.00468036 0.99442788
1305031120.347787 -0.04915863 0.13171080 0.13084929 -0.09999527 -0.02870795 0.00217405 0.99457130
1305031120.379437 -0.05212316 0.12389653 0.13637003 -0.09918586 -0.02762848 0.00201638 0.99468325
1305031120.415445 -0.05322916 0.11087877 0.13579243 -0.09545239 -0.02715243 0.00091701 0.99506319
1305031120.447417 -0.05346655 0.11233433 0.13907404 -0.08343342 -0.02760626 0.00069459 0.99613065
1305031120.479432 -0.05332601 0.09777396 0.14199272 -0.08495944 -0.02836801 0.00199824 0.99597849
1305031120.514819 -0.05805934 0.09187814 0.14561781 -0.07688881 -0.02719483 0.00352116 0.99666251
1305031120.547736 -0.05144721 0.08482189 0.14761448 -0.07084954 -0.03443718 0.00566273 0.99687630
1305031120.579551 -0.06173973 0.08012459 0.14967948 -0.06614606 -0.03187189 0.00795821 0.99726905
1305031120.615236 -0.05566961 0.06938264 0.15372682 -0.06516273 -0.04015582 0.01015111 0.99701469
1305031120.647354 -0.05235338 0.06750966 0.15717955 -0.05726119 -0.04532538 0.01080079 0.99727133
1305031120.679318 -0.06194834 0.06691141 0.15623304 -0.05074695 -0.03969376 0.00959628 0.99787628
1305031120.714522 -0.05603216 0.05939547 0.16139035 -0.04964895 -0.04424679 0.01169204 0.99771765
1305031120.747369 -0.05571357 0.05012474 0.16437753 -0.05055305 -0.04687607 0.01186814 0.99755008
1305031120.779894 -0.05072502 0.04475554 0.16977113 -0.04740209 -0.05233047 0.01181692 0.99743417
1305031120.814944 -0.04922678 0.03820839 0.17007874 -0.04517921 -0.05360964 0.01154057 0.99747264
1305031120.847921 -0.04832688 0.03145724 0.17305507 -0.04612066 -0.05542075 0.00965526 0.99735059
1305031120.883435 -0.04907464 0.02425225 0.17306234 -0.04351469 -0.05332990 0.00806797 0.99759576
1305031120.915444 -0.05535824 0.01783193 0.17343803 -0.04247681 -0.04740427 0.00543910 0.99795740
1305031120.947488 -0.04513470 0.01219033 0.17836706 -0.04237151 -0.05471925 0.00420936 0.99759347
1305031120.983366 -0.05611687 0.00444730 0.18046993 -0.04246834 -0.04727597 0.00107738 0.99797809
1305031121.015019 -0.06260628 -0.00007887 0.17911160 -0.03854722 -0.04355084 -0.00259467 0.99830391
1305031121.047498 -0.05395406 -0.00429601 0.18268882 -0.03760981 -0.04975361 -0.00120788 0.99805241
1305031121.083099 -0.05042805 -0.01544481 0.18831265 -0.03941762 -0.05440645 -0.00191691 0.99773870
1305031121.114696 -0.05405454 -0.01634200 0.18878308 -0.03302457 -0.05338643 -0.00217913 0.99802531
1305031121.147331 -0.05561104 -0.02499059 0.18782422 -0.03243753 -0.05293552 -0.00383956 0.99806357
1305031121.183271 -0.06205011 -0.03087842 0.18747589 -0.02989205 -0.04949960 -0.00436092 0.99831720
1305031121.211420 -0.05422560 -0.04157708 0.19211589 -0.03072648 -0.05408146 -0.00241002 0.99806075
1305031121.247194 -0.05472790 -0.04572396 0.19533867 -0.02755056 -0.05429709 -0.00401204 0.99813661
1305031121.282876 -0.05598375 -0.05647114 0.19718984 -0.03013107 -0.05474805 -0.00380899 0.99803821
1305031121.313568 -0.05471776 -0.06191242 0.20060749 -0.02669612 -0.05493928 -0.00026958 0.99813272
1305031121.347517 -0.06131420 -0.06836600 0.20178321 -0.02463411 -0.05307889 -0.00165239 0.99828506
1305031121.383226 -0.04648659 -0.07052742 0.20990226 -0.02189881 -0.06320829 0.00553230 0.99774473
1305031121.414318 -0.05381278 -0.07878436 0.20456886 -0.01635290 -0.05737353 -0.00076568 0.99821855
1305031121.447319 -0.05265363 -0.08657661 0.20332418 -0.01729469 -0.05623025 0.00245274 0.99826501
1305031121.482964 -0.04860510 -0.09107663 0.21859440 -0.01453112 -0.05934082 0.00448037 0.99812196
1305031121.514107 -0.06002229 -0.10748897 0.20718335 -0.01657301 -0.04864419 0.00159851 0.99867739
1305031121.547270 -0.05613012 -0.09998339 0.21115209 -0.01111830 -0.05127211 0.00451716 0.99861261
1305031121.583204 -0.05144742 -0.10414377 0.22402304 -0.01320842 -0.05422528 0.00655718 0.99841983
1305031121.614700 -0.05764973 -0.11369573 0.22397391 -0.01325502 -0.04916120 0.00282097 0.99869892
1305031121.647183 -0.06719621 -0.12415937 0.22052860 -0.01460203 -0.03856705 -0.00491060 0.99913725
1305031121.683200 -0.05955151 -0.12594277 0.22252199 -0.01521584 -0.03942744 -0.00486670 0.99909473
1305031121.714520 -0.05941141 -0.13198556 0.22097455 -0.01732783 -0.03817859 -0.00069469 0.99912044
1305031121.747145 -0.05679555 -0.13279244 0.22696754 -0.01923681 -0.03995885 0.00274530 0.99901236
1305031121.782835 -0.06444183 -0.15190026 0.22304386 -0.02588062 -0.03449457 -0.00351128 0.99906356
1305031121.811540 -0.06089393 -0.15336013 0.22989705 -0.02784564 -0.03584481 0.00024503 0.99896932
1305031121.847335 -0.05179273 -0.16458444 0.23300745 -0.03209909 -0.04030606 0.00156589 0.99867043
1305031121.882060 -0.05389113 -0.16808408 0.23003152 -0.03579924 -0.03766103 0.00862571 0.99861187
1305031121.914931 -0.06237255 -0.14987113 0.23145729 -0.03054071 -0.03402606 0.01398676 0.99885628
1305031121.982926 -0.06327579 -0.16204348 0.23077716 -0.03441190 -0.03629389 0.00927869 0.99870540
1305031122.014256 -0.05443380 -0.15077472 0.23038590 -0.03284424 -0.04120370 0.00794845 0.99857916
1305031122.047306 -0.05565785 -0.15928458 0.22687142 -0.03696069 -0.04141336 0.00621719 0.99843888
1305031122.082959 -0.05279171 -0.14882590 0.22966996 -0.03256305 -0.04504887 0.00216146 0.99845159
1305031122.114672 -0.06027533 -0.14240088 0.22624800 -0.03186419 -0.04063590 -0.00062159 0.99866561
1305031122.150725 -0.06537636 -0.13243406 0.22169162 -0.02911559 -0.03842171 -0.00815203 0.99880408
1305031122.183042 -0.05681457 -0.12797940 0.21913461 -0.02921280 -0.04121807 -0.01091155 0.99866342
1305031122.214959 -0.05960819 -0.11255866 0.20195067 -0.02777956 -0.03583939 -0.01836168 0.99880262
1305031122.251319 -0.05169971 -0.11387232 0.20843558 -0.03851890 -0.04114247 -0.01924025 0.99822513
1305031122.283560 -0.05897516 -0.09905159 0.19810496 -0.03559589 -0.03694650 -0.02177027 0.99844576
1305031122.314289 -0.06252390 -0.08323952 0.19290788 -0.03724865 -0.03737850 -0.02631833 0.99825985
1305031122.351327 -0.06018667 -0.07156537 0.19514911 -0.04161386 -0.04304078 -0.03022898 0.99774846
1305031122.382630 -0.06137921 -0.06933521 0.19409579 -0.05051412 -0.04561984 -0.02886414 0.99726326
1305031122.414997 -0.05621218 -0.06733562 0.18897143 -0.05662203 -0.05264272 -0.02877633 0.99659150
1305031122.451257 -0.06003837 -0.05626353 0.18208529 -0.05723666 -0.05445542 -0.02583958 0.99653946
1305031122.483360 -0.07015340 -0.04410705 0.17974345 -0.05674990 -0.05516580 -0.02960913 0.99642335
1305031122.515097 -0.06334698 -0.03946571 0.17384861 -0.05932596 -0.06254184 -0.02969258 0.99583498
1305031122.551490 -0.05333761 -0.03380246 0.17242867 -0.06262401 -0.06973322 -0.02830209 0.99519571
1305031122.583208 -0.05816336 -0.02570818 0.17225140 -0.06358128 -0.06615312 -0.03052171 0.99531383
1305031122.614980 -0.06604682 -0.01979010 0.16521485 -0.06411878 -0.06064668 -0.03045784 0.99563200
1305031122.648788 -0.06799719 -0.01064412 0.16506547 -0.06147825 -0.06341203 -0.03059412 0.99562209
1305031122.683402 -0.05921165 -0.00245513 0.16404411 -0.06045024 -0.07013265 -0.02807191 0.99530857
1305031122.715208 -0.06702393 0.00294606 0.15674776 -0.06165541 -0.06813460 -0.02550527 0.99544250
1305031122.751298 -0.06358737 0.01287179 0.15396039 -0.06015855 -0.07287089 -0.02551997 0.99519823
1305031122.783423 -0.06005938 0.02418791 0.15381631 -0.06213296 -0.07537751 -0.02518939 0.99489860
1305031122.812555 -0.06082580 0.03167400 0.15117235 -0.06650272 -0.07359957 -0.02623581 0.99472216
1305031122.851418 -0.05661719 0.03635386 0.15514167 -0.06998549 -0.07214447 -0.02670322 0.99457737
1305031122.883754 -0.05624506 0.04719318 0.14941470 -0.07017083 -0.06570817 -0.02616157 0.99502465
1305031122.914571 -0.06196190 0.05030183 0.14818923 -0.07576428 -0.06001999 -0.02589413 0.99498084
1305031122.951341 -0.05963267 0.05170892 0.13837627 -0.07829866 -0.05920701 -0.02635794 0.99482114
1305031122.982815 -0.06484353 0.06340709 0.13905862 -0.07721122 -0.05631092 -0.02093957 0.99520302
1305031123.015450 -0.06124801 0.06233360 0.13858202 -0.08316544 -0.05985094 -0.01908201 0.99455380
1305031123.051827 -0.05960629 0.07268156 0.14051287 -0.08002313 -0.06099559 -0.01590585 0.99479789
1305031123.082975 -0.05918767 0.08014000 0.13675544 -0.07904687 -0.06006350 -0.01252639 0.99498093
1305031123.113873 -0.06093348 0.08754834 0.13604142 -0.08106322 -0.05777188 -0.01125715 0.99496957
1305031123.150822 -0.06035889 0.09259371 0.13692887 -0.08535222 -0.05809886 -0.00996756 0.99460553
1305031123.182155 -0.05707395 0.10396537 0.13452660 -0.08520296 -0.05805366 -0.00907205 0.99462954
1305031123.214704 -0.05105367 0.11287809 0.13409111 -0.08828792 -0.05589556 -0.00990969 0.99447611
1305031123.250618 -0.06193000 0.12740789 0.13632041 -0.09036592 -0.04519073 -0.01178846 0.99481296
1305031123.282347 -0.05758107 0.13010378 0.13858256 -0.10253274 -0.04481860 -0.00896653 0.99367899
1305031123.311327 -0.05957572 0.13317433 0.13630693 -0.11016881 -0.03914161 -0.00713020 0.99311627
1305031123.350481 -0.05518431 0.14207989 0.13755293 -0.11356842 -0.03700200 -0.00686545 0.99281717
1305031123.382255 -0.05229769 0.15139727 0.13507542 -0.11610582 -0.03352184 -0.00306162 0.99266628
1305031123.411363 -0.04990067 0.15306878 0.13829802 -0.12164451 -0.03055456 -0.00212795 0.99210106
1305031123.451255 -0.05203490 0.16154099 0.13610519 -0.12203701 -0.02596222 -0.00060239 0.99218575
1305031123.483594 -0.05394917 0.17499779 0.13411772 -0.12023352 -0.02224589 0.00293369 0.99249202
1305031123.511360 -0.04917027 0.17123826 0.13448489 -0.13055640 -0.02338567 0.00696553 0.99114056
1305031123.551513 -0.04879056 0.18050475 0.13277996 -0.12856345 -0.02359264 0.00866934 0.99138271
1305031123.579583 -0.04694327 0.17864054 0.13240148 -0.13605806 -0.02402503 0.01127355 0.99034535
1305031123.611335 -0.05141748 0.19115692 0.13039649 -0.13175665 -0.01907716 0.01496013 0.99098559
1305031123.652411 -0.04532571 0.19358517 0.12983023 -0.13795220 -0.02071506 0.01376303 0.99012659
1305031123.683753 -0.04608439 0.19831631 0.12644617 -0.14170200 -0.01590599 0.01543840 0.98966115
1305031123.711323 -0.03902462 0.20332205 0.12940623 -0.14621660 -0.01666499 0.01631939 0.98897758
1305031123.751723 -0.04176975 0.19854978 0.12841350 -0.15493136 -0.01184336 0.01848433 0.98768129
1305031123.783858 -0.04553541 0.20841491 0.12616114 -0.15069827 -0.00964016 0.01940520 0.98834232
1305031123.811608 -0.04235473 0.20684776 0.12560131 -0.15339115 -0.01171781 0.01982376 0.98789719
1305031123.851444 -0.03775983 0.20327911 0.12808652 -0.15838165 -0.01534346 0.02226353 0.98700768
1305031123.883786 -0.03975740 0.20759709 0.12496413 -0.15438637 -0.01530418 0.02205115 0.98764588
1305031123.911243 -0.04214381 0.20297423 0.12668687 -0.15266526 -0.01521585 0.02277144 0.98789841
1305031123.951442 -0.04152058 0.20066479 0.12639864 -0.15368094 -0.01605141 0.02398111 0.98769906
1305031123.983415 -0.04439615 0.19459285 0.12965538 -0.15788323 -0.01652841 0.02670379 0.98695826
1305031124.011302 -0.04770875 0.19074020 0.12715907 -0.15247364 -0.01821790 0.02581124 0.98780245
1305031124.051505 -0.04582563 0.19139884 0.12838481 -0.14502359 -0.02282787 0.02601388 0.98882270
1305031124.083837 -0.04709130 0.18630195 0.12909055 -0.14443524 -0.02470395 0.02687192 0.98884077
1305031124.111331 -0.04349471 0.17272417 0.13382281 -0.14283922 -0.03076443 0.02534633 0.98894291
1305031124.147446 -0.04652936 0.17692967 0.13520493 -0.13127918 -0.03024282 0.02409939 0.99059092
1305031124.182694 -0.04069963 0.16284953 0.13889340 -0.13663484 -0.03545289 0.02203341 0.98974165
1305031124.211396 -0.04660133 0.15765128 0.13846613 -0.12812285 -0.03220403 0.02083592 0.99101630
1305031124.249327 -0.04510548 0.15288392 0.14045620 -0.12269145 -0.03498782 0.01994830 0.99162731
1305031124.282545 -0.04445694 0.14545029 0.14470531 -0.12322915 -0.04057465 0.01904874 0.99136543
1305031124.311361 -0.04479581 0.13292281 0.14739153 -0.12255137 -0.04452989 0.02024310 0.99125601
1305031124.350354 -0.04635672 0.13220488 0.14827527 -0.11358046 -0.04731227 0.01840709 0.99223092
1305031124.382420 -0.04282723 0.12303708 0.14896743 -0.11137783 -0.05175639 0.01685096 0.99228640
1305031124.411439 -0.04789142 0.11637607 0.14913985 -0.10513975 -0.04934806 0.01628790 0.99309874
1305031124.450245 -0.04611725 0.10925899 0.15093613 -0.09726652 -0.05164768 0.01387319 0.99382055
1305031124.480099 -0.04807687 0.10105976 0.15123565 -0.09074363 -0.05159219 0.01139182 0.99447175
1305031124.511324 -0.04842072 0.09462066 0.15126339 -0.08284969 -0.05310642 0.00915814 0.99510390
1305031124.550437 -0.05022654 0.08732115 0.15410209 -0.07838829 -0.05424200 0.00626246 0.99542647
1305031124.579404 -0.05031559 0.07823141 0.15629265 -0.07506494 -0.05749044 0.00369921 0.99551314
1305031124.611358 -0.05070148 0.06878676 0.15881552 -0.07055609 -0.05977167 0.00163000 0.99571408
1305031124.651271 -0.04958740 0.06234879 0.16004674 -0.06541824 -0.06290368 0.00023466 0.99587325
1305031124.679362 -0.05111462 0.05022418 0.16133644 -0.06351565 -0.06325535 -0.00276492 0.99597032
1305031124.711251 -0.04855748 0.04319881 0.16476040 -0.05871017 -0.06499160 -0.00330595 0.99615173
1305031124.749890 -0.05337029 0.03529712 0.16617501 -0.05544694 -0.06214478 -0.00668743 0.99650336
1305031124.779365 -0.05423372 0.03115683 0.16911307 -0.04879258 -0.06317815 -0.00759271 0.99677989
1305031124.811360 -0.05459459 0.02157187 0.17061374 -0.04798928 -0.06332099 -0.00746846 0.99681077
1305031124.850535 -0.04669488 0.01035245 0.17622826 -0.04973809 -0.07097058 -0.00707761 0.99621243
1305031124.879355 -0.04806883 0.00053376 0.18210858 -0.04836683 -0.06977636 -0.00752700 0.99636101
1305031124.911448 -0.04835146 -0.00375816 0.18331192 -0.04516351 -0.06636959 -0.00913070 0.99673064
1305031124.950730 -0.05142689 -0.01049284 0.19047719 -0.04751714 -0.06324022 -0.00785782 0.99683552
1305031124.979438 -0.04952031 -0.02138759 0.19518395 -0.04638634 -0.06464393 -0.00791501 0.99679829
1305031125.011454 -0.05307433 -0.02941431 0.19773084 -0.04226981 -0.06508174 -0.00598814 0.99696628
1305031125.050763 -0.04614781 -0.02984144 0.20260654 -0.03710264 -0.07170023 -0.00389238 0.99672831
1305031125.079364 -0.04792244 -0.03822064 0.20721267 -0.03892514 -0.06982069 -0.00092327 0.99679940
1305031125.111364 -0.05599883 -0.04997907 0.20638037 -0.03982887 -0.06454013 -0.00109463 0.99711937
1305031125.151013 -0.04965791 -0.05151168 0.21265443 -0.03382992 -0.06969005 -0.00002147 0.99699490
1305031125.179353 -0.05336455 -0.05749596 0.21238680 -0.03376770 -0.06519048 -0.00413290 0.99729277
1305031125.211320 -0.05862243 -0.06414756 0.21192622 -0.03602744 -0.06001137 -0.00461931 0.99753663
1305031125.250632 -0.05344476 -0.07102121 0.22071205 -0.03455943 -0.06438504 -0.00334078 0.99732094
1305031125.279467 -0.05331591 -0.07504135 0.21978384 -0.03183931 -0.06435720 -0.00491387 0.99740677
1305031125.311493 -0.05014853 -0.08196775 0.22795033 -0.03293840 -0.06515921 -0.00104658 0.99733056
1305031125.348880 -0.05356218 -0.08589815 0.22576469 -0.02782030 -0.06217626 -0.00674913 0.99765455
1305031125.379401 -0.05188918 -0.09214635 0.22774665 -0.02821355 -0.06015087 -0.01257583 0.99771124
1305031125.411335 -0.04866038 -0.09389275 0.22810937 -0.02770062 -0.05528044 -0.01221080 0.99801185
1305031125.451195 -0.05573584 -0.09940953 0.23001499 -0.03216893 -0.04556927 -0.01352154 0.99835153
1305031125.479424 -0.06182894 -0.10730652 0.23479436 -0.03280325 -0.03888542 -0.01750194 0.99855173
1305031125.511316 -0.05247110 -0.10058291 0.23883499 -0.02977604 -0.04070250 -0.01303983 0.99864241
1305031125.551020 -0.05379174 -0.10493781 0.23855411 -0.03061583 -0.03705366 -0.01806832 0.99868075
1305031125.579308 -0.05952702 -0.10572899 0.23881671 -0.03094554 -0.02991557 -0.02303084 0.99880780
1305031125.611533 -0.06353138 -0.12678503 0.23288916 -0.03971396 -0.02222255 -0.02617580 0.99862094
1305031125.650575 -0.06110189 -0.13197313 0.22357440 -0.03768660 -0.02131765 -0.02123234 0.99883656
1305031125.679328 -0.06418329 -0.13103193 0.21915197 -0.03468185 -0.02515791 -0.02093177 0.99886241
1305031125.711443 -0.06245838 -0.12860753 0.22065555 -0.03227819 -0.03252317 -0.02036800 0.99874196
1305031125.751260 -0.06417561 -0.11461051 0.21516873 -0.02188203 -0.03280307 -0.01668927 0.99908288
1305031125.779348 -0.05921757 -0.11149004 0.21482117 -0.02340336 -0.03687848 -0.01951335 0.99885509
1305031125.811573 -0.06188093 -0.10281325 0.21047577 -0.02075795 -0.03427736 -0.02274829 0.99893778
1305031125.847412 -0.06276162 -0.09923320 0.20733500 -0.02497509 -0.03160207 -0.02325627 0.99891776
1305031125.879318 -0.05148229 -0.09904199 0.20959604 -0.02807409 -0.04007384 -0.02154948 0.99856975
1305031125.911305 -0.06895646 -0.08339839 0.19672528 -0.02617947 -0.03293245 -0.02396075 0.99882730
1305031125.947343 -0.06723858 -0.07641561 0.19691566 -0.02905282 -0.04155136 -0.01902671 0.99853262
1305031125.979324 -0.07501777 -0.07007552 0.19425784 -0.02994318 -0.04584275 -0.01855033 0.99832747
1305031126.011333 -0.06402069 -0.06093295 0.19511794 -0.03219391 -0.05758168 -0.01847212 0.99765058
1305031126.047324 -0.05586809 -0.04828110 0.19185710 -0.03325188 -0.06224235 -0.01494606 0.99739502
1305031126.079356 -0.05381486 -0.04232468 0.18772581 -0.03944136 -0.06050604 -0.01382211 0.99729251
1305031126.111370 -0.05973625 -0.03253235 0.19337265 -0.04242360 -0.05841094 -0.01700332 0.99724585
1305031126.147432 -0.05606754 -0.01307106 0.18979278 -0.03850607 -0.05775315 -0.01288030 0.99750486
1305031126.179384 -0.05233451 -0.01516709 0.18142712 -0.05315661 -0.05876081 -0.01194858 0.99678422
1305031126.211319 -0.06005985 -0.00351014 0.17812487 -0.05386174 -0.05400308 -0.01404450 0.99698813
1305031126.247298 -0.05349412 0.01483156 0.18179308 -0.05184047 -0.05781454 -0.01196115 0.99690871
1305031126.279363 -0.05407854 0.01602279 0.18327108 -0.06201331 -0.05640425 -0.01407522 0.99638085
1305031126.311332 -0.04291970 0.02936159 0.18613547 -0.06502810 -0.06020605 -0.01046954 0.99601053
1305031126.347363 -0.04675361 0.03563011 0.18564698 -0.06966251 -0.05416745 -0.01449860 0.99599338
1305031126.379423 -0.05107010 0.04840611 0.17926472 -0.06959293 -0.04715029 -0.01661747 0.99632200
1305031126.411465 -0.05452553 0.05327619 0.17513037 -0.07664486 -0.04310704 -0.01765996 0.99596962
1305031126.447361 -0.05538745 0.06143882 0.17163892 -0.07911336 -0.04011345 -0.01970158 0.99586336
1305031126.479533 -0.05142248 0.06751356 0.17463416 -0.08335897 -0.04428068 -0.01372139 0.99544072
1305031126.511410 -0.05464294 0.08157228 0.16868581 -0.08220407 -0.04370250 -0.01257453 0.99557745
1305031126.547374 -0.04801706 0.08461918 0.17261091 -0.09169813 -0.04877670 -0.01015197 0.99453970
1305031126.579454 -0.04555387 0.09101398 0.17247623 -0.09686205 -0.04788067 -0.00730604 0.99411861
1305031126.611528 -0.04050476 0.09751926 0.17030290 -0.10113309 -0.04921360 -0.00751597 0.99362650
1305031126.647376 -0.04625622 0.10065859 0.16772553 -0.10617338 -0.04225364 -0.00626830 0.99342969
1305031126.679479 -0.04401170 0.10744855 0.17083704 -0.10722234 -0.04213429 -0.00097690 0.99334139
1305031126.711583 -0.03964235 0.10899011 0.16911931 -0.11180900 -0.04254731 0.00265683 0.99281489
1305031126.747316 -0.03901677 0.10722119 0.16822036 -0.11580288 -0.04079460 0.00544551 0.99241919
1305031126.779379 -0.04321637 0.11571416 0.16212747 -0.11199861 -0.03593391 0.00727258 0.99303181
1305031126.811602 -0.03726118 0.11533311 0.16584505 -0.11521533 -0.03801121 0.00975504 0.99256507
1305031126.847343 -0.03294068 0.11607704 0.15970679 -0.11653963 -0.03803662 0.01009413 0.99240609
1305031126.879357 -0.03371046 0.11748698 0.15929118 -0.11733865 -0.03506532 0.01137333 0.99240753
1305031126.911364 -0.03382932 0.11696000 0.15695974 -0.11839790 -0.03240979 0.00967982 0.99238997
1305031126.947437 -0.03135588 0.11927604 0.15690042 -0.11849541 -0.03281972 0.01175073 0.99234249
1305031126.979337 -0.03181921 0.11748175 0.15608683 -0.12016491 -0.03324617 0.01300460 0.99211187
1305031127.011371 -0.03341869 0.11726420 0.15592025 -0.11883132 -0.03297704 0.01296353 0.99228201
1305031127.047297 -0.03411525 0.11914614 0.15557720 -0.11641746 -0.03266747 0.01417213 0.99256182
1305031127.079299 -0.03321153 0.11610521 0.15532747 -0.11879418 -0.03380059 0.01482278 0.99223271
1305031127.111435 -0.03434451 0.11744953 0.15653500 -0.11677632 -0.03573031 0.01508243 0.99240070
1305031127.147307 -0.03508325 0.11475275 0.15768385 -0.11598695 -0.03931924 0.01517670 0.99235613
1305031127.179349 -0.03594346 0.11483978 0.15652509 -0.11332191 -0.04177390 0.01522250 0.99256303
1305031127.211700 -0.03372462 0.11124168 0.15674563 -0.11435289 -0.04434707 0.01586534 0.99232305
1305031127.247374 -0.03233726 0.10881998 0.15798594 -0.11261584 -0.04589930 0.01349636 0.99248616
1305031127.279465 -0.03347127 0.10862378 0.15777114 -0.10949752 -0.04525460 0.01296792 0.99287167
1305031127.311362 -0.03417045 0.10796897 0.16177057 -0.10879190 -0.04663164 0.01169299 0.99290135
1305031127.347356 -0.03411189 0.09946680 0.16156380 -0.11084929 -0.04827530 0.01241696 0.99258639
1305031127.379262 -0.03339041 0.10043296 0.16210695 -0.10660180 -0.04991463 0.01224467 0.99297264
1305031127.411371 -0.03478678 0.10217114 0.16322495 -0.10459952 -0.05030852 0.01062471 0.99318433
1305031127.447333 -0.03472914 0.09580009 0.16427253 -0.10668305 -0.05180571 0.01152318 0.99287568
1305031127.479362 -0.03958945 0.09750935 0.16341700 -0.10269242 -0.04982016 0.01014885 0.99341292
1305031127.511356 -0.03615714 0.09842218 0.16743191 -0.10287703 -0.05409270 0.00959897 0.99317579
1305031127.547348 -0.03552166 0.09471630 0.16801952 -0.10403027 -0.05542019 0.00939984 0.99298436
1305031127.579345 -0.04031207 0.09494041 0.16942737 -0.10156912 -0.05339290 0.00858122 0.99335758
1305031127.611271 -0.03730895 0.09808553 0.16862476 -0.09992517 -0.05571881 0.00781402 0.99340290
1305031127.647358 -0.03453014 0.09480968 0.16924964 -0.10242133 -0.05772227 0.00955564 0.99301898
1305031127.679298 -0.03989149 0.09071059 0.16752602 -0.10238598 -0.05401781 0.01019285 0.99322469
1305031127.711375 -0.03823648 0.09323552 0.16899416 -0.10048763 -0.05658833 0.01050177 0.99327222
1305031127.747304 -0.03903644 0.09158830 0.16975117 -0.10226621 -0.05675378 0.01020301 0.99308435
1305031127.779346 -0.03829343 0.08811322 0.17001051 -0.10290348 -0.05734012 0.01051368 0.99298159
1305031127.811829 -0.04013433 0.09081791 0.16868827 -0.09929811 -0.05648725 0.00945483 0.99340811
1305031127.847366 -0.03794751 0.08864252 0.17035092 -0.10106057 -0.05852088 0.00899400 0.99311690
1305031127.879380 -0.04000758 0.09008336 0.16914700 -0.09976325 -0.05704062 0.00872316 0.99333658
1305031127.911476 -0.03624579 0.09003649 0.17059705 -0.09917066 -0.06178396 0.00800485 0.99311824
1305031127.947366 -0.04015240 0.09045774 0.17167121 -0.09932036 -0.05989963 0.00761820 0.99322176
1305031127.979371 -0.03638829 0.08986972 0.17398018 -0.10148747 -0.06361052 0.00782733 0.99277023
1305031128.011427 -0.03989454 0.09166043 0.17607038 -0.10137947 -0.06123813 0.00694554 0.99293698
1305031128.047369 -0.03903260 0.08916873 0.17504524 -0.10534625 -0.06003715 0.00861707 0.99258423
1305031128.079334 -0.03953769 0.08492253 0.17657891 -0.10743624 -0.05957405 0.00997964 0.99237533
1305031128.111391 -0.03720065 0.08543427 0.17849277 -0.10614146 -0.06180877 0.00983640 0.99237942
1305031128.147418 -0.03959223 0.08577681 0.17867012 -0.10635196 -0.05965912 0.01171861 0.99246800
1305031128.179350 -0.03849430 0.08060341 0.17898834 -0.10834402 -0.05975669 0.01303305 0.99223024
1305031128.211447 -0.03397798 0.08304948 0.17924899 -0.10498261 -0.06349295 0.01337281 0.99235501
1305031128.247480 -0.03740037 0.08122552 0.17988731 -0.10616200 -0.06183907 0.01356091 0.99233143
1305031128.279336 -0.03689833 0.08014195 0.18267249 -0.10660421 -0.06273822 0.01358681 0.99222722
1305031128.311483 -0.03735313 0.08106036 0.17870945 -0.10435977 -0.06197678 0.01274639 0.99252478
1305031128.347423 -0.03864178 0.08101268 0.17874490 -0.10458616 -0.06157379 0.01145137 0.99254182
1305031128.379404 -0.03818213 0.08117779 0.17960224 -0.10419162 -0.06227898 0.01020739 0.99255289
1305031128.411337 -0.03834171 0.08064567 0.18197571 -0.10366497 -0.06286463 0.00904174 0.99258242
1305031128.447296 -0.03976900 0.08043429 0.17984292 -0.10308603 -0.06162272 0.00801189 0.99272943
1305031128.479296 -0.03954211 0.07882422 0.17871201 -0.10427706 -0.06196900 0.00712376 0.99259024
1305031128.511433 -0.04308792 0.07849357 0.17792165 -0.10361915 -0.05928794 0.00555566 0.99283289
1305031128.547399 -0.03986921 0.07992637 0.17911902 -0.10263724 -0.06128982 0.00568945 0.99281256
1305031128.579455 -0.03753190 0.07785092 0.18144663 -0.10337467 -0.06284104 0.00499906 0.99264278
1305031128.611395 -0.03774795 0.07745292 0.18006036 -0.10183107 -0.06252146 0.00568071 0.99281883
1305031128.647352 -0.04290393 0.07758957 0.17868568 -0.10099559 -0.05995301 0.00561869 0.99306292
1305031128.679282 -0.03963431 0.07502502 0.17923135 -0.10222185 -0.06442310 0.00593968 0.99265557
1305031128.711457 -0.04049983 0.07450851 0.17756866 -0.10116592 -0.06284223 0.00546540 0.99286779
1305031128.747363 -0.03553018 0.07632924 0.17881462 -0.09910599 -0.06593823 0.00395224 0.99288193
