1305031102.211214 -0.00120670 0.00530718 0.00859234 -0.00151169 -0.00351099 -0.00151127 0.99999155
1305031102.243211 -0.00001488 0.00848350 0.01750436 -0.00622585 -0.00770201 -0.00057516 0.99995079
1305031102.275326 -0.00037047 0.00594375 0.02523939 -0.01277064 -0.01053568 -0.00035902 0.99986288
1305031102.311267 0.00240524 0.00332517 0.03558826 -0.01880405 -0.01368938 0.00157713 0.99972822
1305031102.343233 -0.00342015 0.00307798 0.04410813 -0.02129870 -0.01287774 0.00254392 0.99968698
1305031102.375329 -0.00234437 0.00747197 0.05403192 -0.02144540 -0.01573144 0.00293370 0.99964194
1305031102.411258 -0.00649072 0.00654090 0.06120956 -0.02466116 -0.01700958 0.00182036 0.99954949
1305031102.443271 -0.00209745 0.01086355 0.06805233 -0.02898788 -0.02305558 0.00270599 0.99931017
1305031102.475318 0.00098275 0.01309960 0.07912945 -0.03521387 -0.02648027 0.00305712 0.99902424
1305031102.511219 0.00012429 0.01499550 0.08855857 -0.03943586 -0.02532234 0.00074826 0.99890091
1305031102.543220 0.00117244 0.01481292 0.09839206 -0.04416163 -0.02504606 -0.00079896 0.99871007
1305031102.575286 0.00052010 0.00960509 0.10598560 -0.04841956 -0.02293336 -0.00275733 0.99855997
1305031102.611233 0.00201461 0.00906667 0.11812740 -0.04581355 -0.02184341 -0.00153704 0.99870998
1305031102.643265 -0.00253403 0.01445167 0.12392442 -0.04243265 -0.01910484 -0.00046863 0.99891654
1305031102.675285 -0.00376127 0.01894711 0.13146240 -0.04205572 -0.01973285 -0.00012003 0.99892038
1305031102.711263 -0.00103959 0.01810316 0.14246745 -0.04416358 -0.02241457 0.00196981 0.99877089
1305031102.743234 -0.00326289 0.02236015 0.15034623 -0.04439187 -0.02117316 0.00289577 0.99878560
1305031102.775472 -0.00134340 0.02407916 0.16197081 -0.04586179 -0.02063008 0.00120993 0.99873401
1305031102.811232 -0.00270516 0.02744268 0.16913050 -0.04613610 -0.01695715 -0.00051843 0.99879109
1305031102.843290 0.00018310 0.02386394 0.17943799 -0.05158366 -0.01471478 0.00041171 0.99856018
1305031102.875363 -0.00317489 0.02815825 0.18752830 -0.04910856 -0.01062453 -0.00234691 0.99873418
1305031102.911185 -0.00855380 0.03683992 0.19534443 -0.04557273 -0.00715079 -0.00509669 0.99892243
1305031102.943229 -0.01361147 0.03775924 0.20129825 -0.04574085 -0.00507441 -0.00688525 0.99891672
1305031102.975203 -0.01957870 0.04301395 0.20950811 -0.04408952 -0.00874364 -0.00745378 0.99896151
1305031103.011215 -0.01676457 0.04469812 0.21867211 -0.04602147 -0.01762223 -0.00409908 0.99877659
1305031103.043227 -0.01590795 0.04654902 0.22589457 -0.04805446 -0.02446380 -0.00111716 0.99854446
1305031103.075319 -0.01469912 0.04671395 0.23458411 -0.04859365 -0.02766016 0.00165206 0.99843420
1305031103.111240 -0.01560937 0.05338894 0.23980741 -0.04490842 -0.02663137 0.00208308 0.99863390
1305031103.143318 -0.01601734 0.05403657 0.24691889 -0.04737205 -0.02643667 0.00389784 0.99851980
1305031103.175452 -0.01682428 0.05892101 0.25117996 -0.04635028 -0.02444094 0.00370487 0.99861933
1305031103.211220 -0.01924118 0.06236744 0.25503492 -0.05038871 -0.02249240 0.00447416 0.99846635
1305031103.243216 -0.01732560 0.06237453 0.26069963 -0.05939338 -0.02397150 0.00871016 0.99790878
1305031103.275370 -0.02117199 0.06655827 0.27044749 -0.06657142 -0.02600103 0.01270237 0.99736194
1305031103.311210 -0.02050146 0.05978157 0.27279347 -0.07728536 -0.03563714 0.01256936 0.99629262
1305031103.343223 -0.01535811 0.06006602 0.27325675 -0.07854979 -0.04221656 0.01333520 0.99592664
1305031103.375327 -0.01363499 0.06078239 0.27518693 -0.08157445 -0.04199353 0.01540823 0.99566296
1305031103.411260 -0.01633148 0.05660272 0.27459836 -0.08458763 -0.03952855 0.01573804 0.99550728
1305031103.443280 -0.01669144 0.05520150 0.27136162 -0.08438818 -0.04185642 0.01474917 0.99544419
1305031103.475274 -0.01390752 0.05248207 0.27039257 -0.08512855 -0.04685623 0.01493673 0.99515552
1305031103.511333 -0.01479294 0.04914169 0.26502347 -0.08257696 -0.04752794 0.01185929 0.99538008
1305031103.543444 -0.01554399 0.04409494 0.25821197 -0.07950944 -0.04785845 0.00888967 0.99564491
1305031103.575474 -0.01449649 0.04319438 0.25142467 -0.07448671 -0.05080817 0.01020796 0.99587452
1305031103.611223 -0.01760088 0.03926957 0.24381965 -0.07264446 -0.05160255 0.01090055 0.99596242
1305031103.643445 -0.01496272 0.03601030 0.23590061 -0.06992709 -0.05702355 0.01190896 0.99584973
1305031103.675523 -0.01464576 0.03357619 0.22730608 -0.06654413 -0.05909887 0.01157193 0.99596450
1305031103.711610 -0.01222597 0.03121127 0.21890758 -0.06405035 -0.06106605 0.01177525 0.99600694
1305031103.743326 -0.01065533 0.02586938 0.21037459 -0.06260120 -0.06108194 0.01127433 0.99610390
1305031103.775342 -0.00944546 0.02588204 0.20060875 -0.05790650 -0.06118885 0.00811350 0.99641203
1305031103.811242 -0.01022274 0.02455842 0.19023083 -0.05770724 -0.05914417 0.00461056 0.99656941
1305031103.843251 -0.01052812 0.02450940 0.17882638 -0.05971984 -0.05910112 0.00244780 0.99646104
1305031103.875361 -0.01185891 0.01651517 0.17262951 -0.06804770 -0.06133237 -0.00089584 0.99579468
1305031103.911221 -0.00869212 0.01002245 0.15615812 -0.06778755 -0.06560175 -0.00143602 0.99553965
1305031103.943211 -0.00419164 0.00696531 0.14646810 -0.06661062 -0.07047732 -0.00128008 0.99528606
1305031103.975373 -0.00597797 0.00444074 0.13691607 -0.06369290 -0.07033044 -0.00309739 0.99548343
1305031104.011232 -0.00002631 -0.00284915 0.12713642 -0.06179768 -0.07274191 -0.00376125 0.99542730
1305031104.043249 -0.00103289 -0.00188018 0.11565086 -0.05264383 -0.06787894 -0.00595335 0.99628592
1305031104.075425 0.00497981 -0.00234489 0.10498406 -0.04826904 -0.06610496 -0.00817872 0.99661093
1305031104.111235 0.00461476 -0.00645321 0.09671335 -0.04566684 -0.05930240 -0.01045084 0.99714018
1305031104.143230 0.00726279 -0.01100242 0.08376587 -0.04166080 -0.05437936 -0.01108087 0.99758933
1305031104.175424 0.00458662 -0.01102977 0.07476775 -0.03677739 -0.05003234 -0.01187019 0.99799964
1305031104.211283 0.00742874 -0.01511816 0.06555250 -0.03344802 -0.04841556 -0.01131912 0.99820291
1305031104.243196 0.01544047 -0.01580501 0.05798317 -0.02849435 -0.05042948 -0.01020125 0.99826894
1305031104.275546 0.00823390 -0.01863006 0.04645937 -0.02456387 -0.04330888 -0.01286011 0.99867691
1305031104.311219 0.00755828 -0.01733898 0.03850858 -0.01952518 -0.03944984 -0.01312783 0.99894451
1305031104.343342 0.00836649 -0.01762117 0.02912032 -0.01609942 -0.03496937 -0.01353773 0.99916699
1305031104.375837 0.00529074 -0.02286612 0.02451275 -0.01543188 -0.02700076 -0.01577618 0.99939178
1305031104.411509 0.00406327 -0.02457101 0.01585848 -0.01448249 -0.02308558 -0.01528253 0.99951176
1305031104.443288 0.00003209 -0.02600255 0.00767366 -0.01446303 -0.01966005 -0.01504596 0.99958888
1305031104.475456 -0.00122207 -0.02342963 0.00244396 -0.01282875 -0.02109042 -0.01492872 0.99958379
1305031104.511329 -0.00129423 -0.03149147 -0.00304821 -0.01564372 -0.02386627 -0.01190317 0.99952188
1305031104.543368 -0.00790526 -0.03062174 -0.01039594 -0.01120912 -0.02252841 -0.01309447 0.99959760
1305031104.575343 0.00168921 -0.03157092 -0.01762933 -0.00599143 -0.02582451 -0.01128721 0.99958481
1305031104.611336 0.00766150 -0.04054552 -0.02486601 0.00025164 -0.02255695 -0.00951871 0.99970021
1305031104.643243 0.00669893 -0.03687767 -0.03470579 0.01472957 -0.01422700 -0.01093892 0.99973045
1305031104.675525 0.01283694 -0.03711306 -0.03972561 0.02593203 -0.00901089 -0.00803330 0.99959082
1305031104.711277 0.00556457 -0.04153195 -0.04814601 0.03847726 0.00198862 -0.00836904 0.99922245
1305031104.743280 0.00956423 -0.03997183 -0.05614303 0.05176101 0.00814138 -0.00625200 0.99860674
1305031104.775327 0.00628305 -0.03600296 -0.06192082 0.06564465 0.01686981 -0.00474244 0.99768918
1305031104.811465 0.00586586 -0.03309973 -0.07169065 0.07692753 0.02361202 -0.00257753 0.99675372
1305031104.843258 0.00774319 -0.02961772 -0.07580779 0.08596108 0.02942381 0.00017703 0.99586390
1305031104.875350 0.00095783 -0.02517672 -0.07819110 0.09233971 0.03508861 0.00120853 0.99510839
1305031104.911534 0.00165979 -0.01991436 -0.08058219 0.09601963 0.03602687 0.00364199 0.99472058
1305031104.943262 0.00150136 -0.01970074 -0.07667591 0.09650027 0.03677740 0.00497968 0.99464080
1305031104.975202 0.00406999 -0.01423558 -0.07553664 0.09677773 0.03505597 0.00617116 0.99466933
1305031105.011290 0.00066268 -0.01507135 -0.06966630 0.09138641 0.03576121 0.00620465 0.99515384
1305031105.043373 -0.00019578 -0.01447751 -0.06708816 0.08502974 0.03536743 0.00421996 0.99574157
1305031105.075320 0.00412570 -0.01828880 -0.06611595 0.07654581 0.03340836 0.00234624 0.99650345
1305031105.111299 0.00558358 -0.01725909 -0.04932297 0.07092143 0.03108932 0.00287143 0.99699316
1305031105.143106 -0.00152230 -0.00876412 -0.04392339 0.06727139 0.03062950 -0.00093404 0.99726402
1305031105.175159 0.00129126 0.00083199 -0.02951893 0.05723043 0.02570627 -0.00020991 0.99802997
1305031105.211268 -0.00974432 -0.00561109 -0.01750638 0.04329109 0.02528560 -0.00489673 0.99873047
1305031105.243270 -0.00642019 -0.00584113 -0.01254746 0.03347381 0.01774344 -0.00604356 0.99926380
1305031105.275288 -0.01230003 -0.00184321 0.00584181 0.02468341 0.01262369 -0.00722030 0.99958954
1305031105.311290 -0.01670104 -0.00361786 0.00891668 0.01366226 0.00665786 -0.00837721 0.99984941
1305031105.343302 -0.01583123 -0.00951982 0.01963688 0.00289922 -0.00083919 -0.01063815 0.99993886
1305031105.375338 -0.01183626 -0.01091401 0.03216996 -0.00229683 -0.00844257 -0.00671261 0.99993919
1305031105.411286 -0.01470788 -0.00586711 0.04500759 -0.00616469 -0.01272665 -0.00830227 0.99986554
1305031105.443316 -0.01483426 -0.00739092 0.05740368 -0.01429073 -0.01693738 -0.00857746 0.99971762
1305031105.475280 -0.01907997 -0.00445706 0.06658619 -0.01666256 -0.01898865 -0.00898072 0.99964050
1305031105.511332 -0.01284156 -0.00375626 0.07452452 -0.02098639 -0.02413876 -0.00756848 0.99945966
1305031105.543282 -0.01637317 -0.00192826 0.08615993 -0.02446748 -0.02364317 -0.00784843 0.99939019
1305031105.575449 -0.01698730 -0.00269018 0.09671674 -0.02850504 -0.02541774 -0.00801404 0.99923830
1305031105.611378 -0.01214220 -0.00797889 0.10929682 -0.03394305 -0.02870179 -0.00676074 0.99898867
1305031105.643273 -0.01978708 -0.00428107 0.11384604 -0.03242712 -0.02513673 -0.00692265 0.99913398
1305031105.675166 -0.01592147 -0.00174991 0.12708598 -0.03437984 -0.02852936 -0.00463049 0.99899082
1305031105.711309 -0.01679753 -0.00608939 0.13209341 -0.03640111 -0.02444071 -0.00528789 0.99902435
1305031105.743312 -0.01059451 -0.00104883 0.13984454 -0.03315143 -0.02297154 -0.00493020 0.99917415
1305031105.775339 -0.01242566 0.00543183 0.15712933 -0.03068732 -0.01848919 -0.00527375 0.99934410
1305031105.811283 -0.00706043 -0.01466532 0.19606954 -0.04823726 -0.01667360 -0.00094325 0.99869628
1305031105.843271 -0.00559873 -0.01127785 0.20667307 -0.04620716 -0.01342098 0.00046326 0.99884161
1305031105.875337 -0.00328069 -0.00669104 0.21288176 -0.04468267 -0.00894702 0.00240513 0.99895827
1305031105.911262 -0.00368559 -0.00315136 0.22214904 -0.04655975 -0.00397130 0.00589728 0.99889020
1305031105.943272 -0.00258224 0.00098081 0.23234552 -0.04917546 -0.00097751 0.00948376 0.99874465
1305031105.975329 -0.00392405 0.00541871 0.24134110 -0.05290007 0.00184406 0.01000363 0.99854800
1305031106.011285 -0.00324799 0.00929804 0.24987793 -0.05678871 0.00381184 0.01141930 0.99831363
1305031106.043355 -0.00332044 0.00983697 0.25693962 -0.06325214 0.00595245 0.01235985 0.99790329
1305031106.075330 -0.00494143 0.01493103 0.26559943 -0.06590008 0.00735955 0.01430367 0.99769656
1305031106.111327 -0.00783800 0.01945171 0.27149299 -0.07017149 0.00941564 0.01458507 0.99738387
1305031106.143355 -0.00849127 0.02277157 0.28207487 -0.07688143 0.00674878 0.01659381 0.99687930
1305031106.175534 -0.00966730 0.02426898 0.28975773 -0.08157159 0.00598816 0.01806338 0.99648579
1305031106.211275 -0.00999662 0.02219643 0.29582754 -0.08721939 0.00396350 0.01830956 0.99601297
1305031106.243267 -0.00999646 0.02643488 0.30043760 -0.08590623 0.00205875 0.02243770 0.99604841
1305031106.276385 -0.00972323 0.03039865 0.30476084 -0.08644343 -0.00021249 0.02336527 0.99598271
1305031106.311238 -0.01088633 0.03700122 0.30855417 -0.08861808 -0.00277741 0.02842424 0.99565616
1305031106.343258 -0.01124231 0.04211944 0.30961972 -0.09260564 -0.00376293 0.02932379 0.99526386
1305031106.375388 -0.00975207 0.04166369 0.31186718 -0.10265449 -0.00482727 0.02228433 0.99445571
1305031106.411320 -0.00505645 0.03505274 0.31498015 -0.11353470 -0.00364100 0.01700446 0.99338183
1305031106.443278 -0.00958581 0.03373426 0.31422150 -0.11378061 0.00279439 0.01150410 0.99343536
1305031106.475345 -0.01261184 0.03185112 0.31150439 -0.11367369 0.00387365 0.01002629 0.99345999
1305031106.511129 -0.01216674 0.02822404 0.30778685 -0.11290705 -0.00072046 0.01061226 0.99354862
1305031106.543302 -0.01268875 0.02722458 0.30138269 -0.10834944 -0.00406892 0.00921073 0.99406187
1305031106.575282 -0.01354708 0.02569648 0.29522410 -0.10470331 -0.00550790 0.00822805 0.99445421
1305031106.611151 -0.01461606 0.02420292 0.28675652 -0.10406880 -0.00844187 0.00532204 0.99452003
1305031106.643207 -0.01116233 0.01752181 0.27996522 -0.10653890 -0.01402282 0.00394588 0.99420182
1305031106.675279 -0.01404923 0.01770801 0.27099565 -0.10226760 -0.01566748 0.00411377 0.99462503
1305031106.711508 -0.01719228 0.01412190 0.26155111 -0.10414726 -0.01935950 0.00285733 0.99436935
1305031106.743341 -0.01571933 0.01001640 0.25119203 -0.10334572 -0.02750886 0.00415192 0.99425635
1305031106.775390 -0.01284616 0.00706240 0.24094808 -0.10229027 -0.03556272 0.00382634 0.99411134
1305031106.811289 -0.01335878 0.00487778 0.22891182 -0.10233375 -0.03860181 0.00383224 0.99399347
1305031106.843416 -0.01156422 -0.00316241 0.22039016 -0.10555948 -0.04406802 0.00256515 0.99343275
1305031106.875905 -0.00845252 -0.00839983 0.20840226 -0.10033124 -0.04806191 -0.00081265 0.99379225
1305031106.911243 -0.01157829 -0.00578832 0.19439679 -0.09297034 -0.04476959 -0.00556510 0.99464628
1305031106.943439 -0.00710194 -0.01328067 0.18434316 -0.09373789 -0.04709981 -0.00997120 0.99443220
1305031106.975547 -0.00598238 -0.01422587 0.17822537 -0.08621920 -0.04631097 -0.01071398 0.99514158
1305031107.011576 -0.00683446 -0.01099306 0.16087183 -0.07604698 -0.04204522 -0.01586016 0.99609112
1305031107.043281 -0.00737377 -0.02014078 0.14971857 -0.07964670 -0.03906359 -0.01853787 0.99588493
1305031107.075432 -0.01217554 -0.02847161 0.13353559 -0.07630543 -0.03449450 -0.02080544 0.99627042
1305031107.111229 -0.01356980 -0.02839324 0.12160993 -0.07046968 -0.03433293 -0.02166631 0.99668744
1305031107.143260 -0.00860333 -0.02948574 0.11046189 -0.06815062 -0.03556836 -0.02158129 0.99680722
1305031107.175399 -0.01137235 -0.03510967 0.10185726 -0.06702547 -0.03190611 -0.02308683 0.99697371
1305031107.211358 -0.00361017 -0.03912438 0.09257346 -0.06106269 -0.03352505 -0.02378240 0.99728723
1305031107.243378 -0.00510494 -0.03961363 0.08287240 -0.05441425 -0.02870415 -0.02419247 0.99781255
1305031107.275398 -0.00696809 -0.04280739 0.07314857 -0.04876194 -0.02355343 -0.02543100 0.99820878
1305031107.311226 0.00164302 -0.04983957 0.06636699 -0.04393904 -0.02387821 -0.02418005 0.99845607
1305031107.343509 -0.00376826 -0.05360389 0.05653748 -0.03296124 -0.01663199 -0.02684502 0.99895760
1305031107.375413 0.00164393 -0.04902886 0.04787911 -0.02147077 -0.01347633 -0.02550517 0.99935323
1305031107.411271 0.00516820 -0.04992327 0.04046725 -0.01473615 -0.00972002 -0.02644409 0.99949441
1305031107.443419 0.00460592 -0.05139899 0.03702510 -0.01079100 -0.00379676 -0.02603247 0.99959564
1305031107.475377 0.00694931 -0.04804807 0.03413927 -0.00546382 0.00057441 -0.02509662 0.99966993
1305031107.511352 0.00686585 -0.03969974 0.03109204 -0.00010592 0.00491867 -0.02551366 0.99966237
1305031107.543605 0.01174562 -0.04515775 0.02998248 -0.00563816 0.00619859 -0.02260285 0.99970941
1305031107.575454 0.01653880 -0.04995861 0.03193357 -0.00781987 0.00652737 -0.01979841 0.99975210
1305031107.611271 0.01385976 -0.04177766 0.03033358 -0.00412975 0.01030740 -0.01808932 0.99977471
1305031107.643323 0.01529056 -0.04189410 0.03442211 -0.00802883 0.01100702 -0.01718190 0.99975955
1305031107.675568 0.01731107 -0.04137729 0.03506566 -0.00891420 0.01020466 -0.01740029 0.99975679
1305031107.711307 0.01364268 -0.03556699 0.03727922 -0.00837897 0.01189991 -0.01598846 0.99976625
1305031107.743538 0.01216368 -0.03491977 0.03620151 -0.01196337 0.01125798 -0.01562284 0.99974300
1305031107.775802 0.01223491 -0.03536316 0.03990934 -0.01541358 0.00783529 -0.01674408 0.99971029
1305031107.811596 0.01230063 -0.03483704 0.04029157 -0.01770993 0.00637349 -0.01692190 0.99967964
1305031107.843332 0.01502166 -0.03374523 0.04234536 -0.02010710 0.00511687 -0.01721861 0.99963645
1305031107.875358 0.01723180 -0.03516033 0.04528308 -0.02098815 0.00578618 -0.02117205 0.99953877
1305031107.911541 0.02339306 -0.03556802 0.04725565 -0.02045388 0.00673651 -0.02273051 0.99950967
1305031107.943122 0.02428092 -0.03516267 0.04877431 -0.01795974 0.01151059 -0.02386545 0.99948757
1305031107.975807 0.03438301 -0.03768585 0.05176008 -0.01696148 0.01286864 -0.02264292 0.99951689
1305031108.011320 0.03766230 -0.03348766 0.05416052 -0.01098376 0.01850108 -0.02527435 0.99944899
1305031108.043418 0.04810132 -0.03607307 0.05547173 -0.01068707 0.02458739 -0.02214221 0.99939530
1305031108.075352 0.05163794 -0.03526289 0.05739782 -0.00856245 0.03634063 -0.01827417 0.99913568
1305031108.111378 0.05914007 -0.04345186 0.06069211 -0.00764910 0.04254764 -0.01974817 0.99886996
1305031108.143334 0.07072418 -0.03941438 0.06003099 -0.00407674 0.04445093 -0.01789745 0.99884292
1305031108.176058 0.07612558 -0.03669733 0.06278646 -0.00532909 0.04967356 -0.01611522 0.99862127
1305031108.211475 0.08584100 -0.03771227 0.06723723 -0.01057018 0.04979661 -0.01500254 0.99859075
1305031108.243347 0.09809509 -0.04066389 0.07139003 -0.01256188 0.05183294 -0.01793140 0.99841575
1305031108.275358 0.10475557 -0.03653900 0.07211535 -0.01091094 0.05668809 -0.01875133 0.99815620
1305031108.311332 0.11092847 -0.03023286 0.07403581 -0.01172242 0.05845892 -0.01698640 0.99807645
1305031108.343278 0.12111209 -0.03038377 0.07660230 -0.01871647 0.05627264 -0.01416559 0.99813948
1305031108.375410 0.12692770 -0.02629134 0.08137231 -0.02230280 0.05405511 -0.00976855 0.99824106
1305031108.411361 0.13356338 -0.03086864 0.07997207 -0.02992208 0.05085908 -0.00363957 0.99825086
1305031108.443610 0.14895524 -0.02918099 0.08158650 -0.03380428 0.04730746 0.00484047 0.99829647
1305031108.475471 0.15515910 -0.03124163 0.08592148 -0.03782517 0.04780774 0.00934388 0.99809637
1305031108.511378 0.18247344 -0.04900511 0.10577100 -0.05121778 0.04241540 0.01535934 0.99766816
1305031108.543737 0.19058037 -0.05199054 0.10987005 -0.04859242 0.04968539 0.01291424 0.99749855
1305031108.575414 0.19725022 -0.04667944 0.10635199 -0.04253589 0.05610703 0.01157477 0.99745111
1305031108.611407 0.20749183 -0.05029205 0.10308503 -0.04488443 0.06130655 0.01078647 0.99705093
1305031108.643303 0.21712218 -0.04613702 0.10473383 -0.04339489 0.06714100 0.01323708 0.99671147
1305031108.675375 0.22834425 -0.03960581 0.10561261 -0.04378815 0.07088205 0.01631143 0.99638962
1305031108.711411 0.23169613 -0.04285789 0.10709481 -0.04961952 0.08109812 0.02058105 0.99525746
1305031108.743502 0.23655534 -0.04261775 0.11076427 -0.05102527 0.08722657 0.02064324 0.99466668
1305031108.775493 0.24518062 -0.04345581 0.10606889 -0.05254681 0.08909403 0.02312556 0.99436728
1305031108.811244 0.24281399 -0.04396908 0.10794480 -0.05496130 0.09581226 0.02502949 0.99356570
1305031108.843264 0.25138676 -0.04241524 0.10852193 -0.05246535 0.09347220 0.03506820 0.99361993
1305031108.876515 0.25079745 -0.04346099 0.10760930 -0.05078081 0.09235180 0.04105452 0.99358290
1305031108.911364 0.25053298 -0.04983006 0.10516588 -0.05107014 0.08896817 0.04549541 0.99368339
1305031108.943243 0.23449858 -0.05828355 0.10948087 -0.05083745 0.09205638 0.04029702 0.99363843
1305031108.975268 0.24157096 -0.04763670 0.09969393 -0.04075830 0.08136745 0.04440949 0.99485974
1305031109.011269 0.23842327 -0.04975666 0.09842892 -0.04236503 0.07805705 0.04231137 0.99514926
1305031109.043277 0.23262864 -0.04980361 0.09839657 -0.04125334 0.07691642 0.03880671 0.99542758
1305031109.075410 0.22904156 -0.03961790 0.09873212 -0.03779465 0.07342743 0.03555563 0.99594968
1305031109.111282 0.22622590 -0.04382839 0.09671550 -0.04390691 0.07023489 0.03311167 0.99601348
1305031109.143334 0.20820782 -0.05024514 0.09863853 -0.04791419 0.07146939 0.02860760 0.99588050
1305031109.175464 0.20443814 -0.04298676 0.09381906 -0.04435081 0.06213238 0.02845041 0.99667605
1305031109.211379 0.19795617 -0.02997761 0.09719155 -0.04378770 0.05692179 0.03052513 0.99695073
1305031109.243290 0.18686073 -0.03326143 0.09763017 -0.05430744 0.05641167 0.03655068 0.99625924
1305031109.275308 0.18469067 -0.04047260 0.09711822 -0.05894471 0.04747908 0.04025955 0.99631844
1305031109.311329 0.16566004 -0.04088219 0.09522384 -0.05699892 0.04395070 0.04212931 0.99651622
1305031109.343248 0.15283546 -0.03711275 0.09122114 -0.05807985 0.03466182 0.04084875 0.99687345
1305031109.375397 0.14328383 -0.04145343 0.09448583 -0.06300696 0.02597515 0.04062210 0.99684766
1305031109.411329 0.13594411 -0.04185804 0.09015011 -0.06363506 0.01729925 0.03818276 0.99709247
1305031109.443302 0.13453221 -0.03688604 0.08881632 -0.06471652 0.00782681 0.03352785 0.99730958
1305031109.475363 0.12917182 -0.03610348 0.09249658 -0.06697897 0.00336066 0.03157541 0.99724897
1305031109.511273 0.10875726 -0.04465697 0.09230725 -0.07118739 0.00668663 0.02529306 0.99711981
1305031109.543294 0.10225932 -0.03973154 0.08974927 -0.06586407 0.00215025 0.02352383 0.99754896
1305031109.575362 0.09526317 -0.03535448 0.08801488 -0.06307980 0.00099030 0.02387992 0.99772226
1305031109.611310 0.08538625 -0.03770856 0.08672034 -0.06446572 -0.00056301 0.02050689 0.99770904
1305031109.643229 0.07390947 -0.03442419 0.08543539 -0.06350964 -0.00026258 0.02068944 0.99776671
1305031109.675263 0.05672794 -0.03341041 0.08441356 -0.06601106 0.00214082 0.02238884 0.99756538
1305031109.711312 0.05240278 -0.02725346 0.08494245 -0.06542765 -0.00419311 0.02270549 0.99759015
1305031109.743274 0.03987101 -0.03119791 0.06910197 -0.07113640 -0.00714739 0.02189477 0.99720066
1305031109.775277 0.03056235 -0.03297579 0.06999010 -0.07496544 -0.00857322 0.02221638 0.99690176
1305031109.811371 0.02066814 -0.03135016 0.06917748 -0.07683248 -0.00932622 0.02166816 0.99676491
1305031109.843296 0.00743371 -0.02350768 0.07056808 -0.07544151 -0.01055635 0.02001397 0.99689347
1305031109.875306 -0.00567279 -0.02766643 0.07297517 -0.08203265 -0.01278287 0.01806393 0.99638393
1305031109.911265 -0.01563605 -0.02923642 0.07638783 -0.08416226 -0.01906920 0.01386492 0.99617310
1305031109.943299 -0.02197188 -0.02292868 0.07606721 -0.08346280 -0.02393172 0.01109429 0.99616171
1305031109.975258 -0.03169660 -0.02751620 0.07831190 -0.09039832 -0.02620982 0.00616602 0.99554165
1305031110.011256 -0.04469442 -0.02361740 0.08145090 -0.09088802 -0.02717135 -0.00068271 0.99549014
1305031110.043299 -0.04997760 -0.02648000 0.08302197 -0.09536595 -0.03116232 -0.00706250 0.99492933
1305031110.075319 -0.06348536 -0.02169471 0.08492276 -0.09544173 -0.02941746 -0.01231385 0.99492405
1305031110.111325 -0.07419603 -0.02020171 0.08772682 -0.09918466 -0.03095984 -0.01763729 0.99443090
1305031110.143432 -0.08018339 -0.02304830 0.09146266 -0.10209376 -0.03685023 -0.01988009 0.99389321
1305031110.175641 -0.08484468 -0.01835859 0.09262563 -0.10211519 -0.04296221 -0.01965331 0.99365008
1305031110.211637 -0.09657963 -0.02111539 0.09310559 -0.10713604 -0.04423938 -0.02171677 0.99302222
1305031110.243323 -0.10490325 -0.02520600 0.09508184 -0.10961481 -0.04849041 -0.02126531 0.99256287
1305031110.279321 -0.11283427 -0.02753453 0.09382097 -0.10911365 -0.05233019 -0.02207671 0.99240535
1305031110.311404 -0.12604649 -0.02933518 0.08891015 -0.10686381 -0.05244573 -0.02495127 0.99257595
1305031110.343355 -0.12884471 -0.02686463 0.09105176 -0.10524669 -0.06078472 -0.02467572 0.99227993
1305031110.379281 -0.13554665 -0.02424065 0.09282368 -0.10306200 -0.06773936 -0.02651945 0.99201125
1305031110.411469 -0.14832486 -0.02130585 0.07828035 -0.10113835 -0.06980251 -0.02961170 0.99197873
1305031110.443260 -0.15539378 -0.02337014 0.07602586 -0.10657271 -0.07546993 -0.03210889 0.99091653
1305031110.479331 -0.16468427 -0.01903618 0.08390447 -0.10755165 -0.08412952 -0.03788165 0.98990901
1305031110.511429 -0.17750472 -0.01917380 0.08020626 -0.10779233 -0.08947107 -0.04170908 0.98926038
1305031110.543408 -0.18177518 -0.01629905 0.07914427 -0.10876936 -0.09798112 -0.04357423 0.98826627
1305031110.579426 -0.19231129 -0.01093410 0.07986621 -0.11119844 -0.10246259 -0.05013468 0.98722988
1305031110.611307 -0.19530423 -0.01611051 0.08159545 -0.11762819 -0.10846153 -0.05199489 0.98574654
1305031110.643418 -0.20150505 -0.01605482 0.07381990 -0.11465000 -0.10861368 -0.05479112 0.98592920
1305031110.679606 -0.20958433 -0.01291168 0.06888653 -0.11377438 -0.10920174 -0.05708100 0.98583575
1305031110.711412 -0.21164367 -0.01512678 0.07298844 -0.11822089 -0.11276084 -0.05808635 0.98485267
1305031110.743249 -0.21778917 -0.01268376 0.07331042 -0.11730936 -0.11364584 -0.05996940 0.98474708
1305031110.779193 -0.22047748 -0.01218020 0.07135796 -0.11704067 -0.11491258 -0.06038885 0.98460640
1305031110.811386 -0.21992302 -0.01081658 0.07243893 -0.11734827 -0.11702942 -0.06220500 0.98420731
1305031110.843218 -0.22183755 -0.01177972 0.07493602 -0.11963247 -0.11950957 -0.06310085 0.98357705
1305031110.879313 -0.22459598 -0.01131541 0.07123391 -0.11908420 -0.11944262 -0.06337355 0.98363418
1305031110.911333 -0.22288480 -0.00990922 0.07348512 -0.11930055 -0.12169467 -0.06424894 0.98327507
1305031110.943862 -0.21911882 -0.00665903 0.07471304 -0.11727743 -0.12471508 -0.06580895 0.98303679
1305031110.979345 -0.21179791 -0.00089776 0.07604355 -0.11492570 -0.12501031 -0.06647405 0.98323227
1305031111.011431 -0.20819004 -0.00351440 0.07775407 -0.11770490 -0.11917194 -0.06531120 0.98370628
1305031111.043327 -0.20468600 -0.00102362 0.08121260 -0.11564841 -0.11380715 -0.06418777 0.98465898
1305031111.079283 -0.19962180 -0.00360277 0.07860782 -0.11917382 -0.11071934 -0.06133139 0.98477271
1305031111.111508 -0.19170663 -0.00308983 0.08106995 -0.11971427 -0.10937687 -0.05861358 0.98502266
1305031111.143257 -0.18679903 -0.00828607 0.07807070 -0.12050542 -0.10573782 -0.05653818 0.98544477
1305031111.179326 -0.17591225 -0.00335283 0.08545853 -0.11540171 -0.10348168 -0.05777438 0.98622315
1305031111.211433 -0.16826437 -0.00724837 0.07786165 -0.11567410 -0.09361036 -0.05366118 0.98740928
1305031111.243236 -0.16358577 -0.01161058 0.08033995 -0.11718567 -0.09090249 -0.05444569 0.98744110
1305031111.279308 -0.14915931 -0.01075221 0.08510228 -0.11170489 -0.09246173 -0.05163352 0.98808240
1305031111.311547 -0.14581598 -0.00968000 0.07688047 -0.10797905 -0.08488636 -0.05016156 0.98925156
1305031111.343397 -0.13607676 -0.01108555 0.07701240 -0.11248933 -0.08946330 -0.04855668 0.98842537
1305031111.379134 -0.12536824 -0.01342844 0.08345930 -0.11210942 -0.09243767 -0.04443796 0.98838860
1305031111.411296 -0.11526052 -0.01465403 0.07794744 -0.10809045 -0.09445272 -0.04405982 0.98866267
1305031111.443386 -0.10690799 -0.01372560 0.08220216 -0.10762653 -0.09921608 -0.04876695 0.98802555
1305031111.479259 -0.09566740 -0.00799855 0.09100395 -0.10111538 -0.09355526 -0.04978994 0.98921386
1305031111.511264 -0.07889756 -0.01644031 0.11546153 -0.10776425 -0.08720806 -0.04758647 0.98920026
1305031111.543250 -0.06774794 -0.01748961 0.12032604 -0.10451944 -0.08210224 -0.04626304 0.99004780
1305031111.579237 -0.06006272 -0.01634743 0.11366943 -0.09968559 -0.06943734 -0.04042889 0.99176950
1305031111.611271 -0.05996392 -0.02064325 0.11188692 -0.10260605 -0.05969993 -0.03550400 0.99229400
1305031111.643395 -0.03605512 -0.02388203 0.12103234 -0.10098319 -0.06891852 -0.02626070 0.99215070
1305031111.679320 -0.02667877 -0.01713903 0.11475590 -0.09182193 -0.05859190 -0.01987204 0.99385151
1305031111.711760 -0.01625292 -0.01896612 0.11953605 -0.09275490 -0.05031848 -0.01931365 0.99422913
1305031111.743386 0.00251266 -0.01713750 0.12286819 -0.08643707 -0.04270310 -0.01668756 0.99520179
1305031111.779423 0.01045318 -0.01374422 0.12088792 -0.08177020 -0.02199834 -0.01364989 0.99631490
1305031111.811406 0.01866717 -0.01702565 0.12047747 -0.08020310 -0.00748554 -0.01430414 0.99664779
1305031111.843299 0.02223220 -0.01816014 0.11497027 -0.07647659 0.00638929 -0.01447567 0.99694582
1305031111.879442 0.02965079 -0.01931806 0.11545005 -0.07844404 0.01343082 -0.01020819 0.99677577
1305031111.911354 0.02630222 -0.02690738 0.11061909 -0.08040055 0.02121336 -0.00637913 0.99651646
1305031111.943300 0.04177961 -0.02421787 0.11522207 -0.07763747 0.01308346 0.00358781 0.99688935
1305031111.979449 0.05947659 0.01479709 0.06596597 -0.04531789 0.00920002 0.01142973 0.99886486
1305031112.011433 0.07160775 0.01807622 0.07411018 -0.04251322 0.01412206 0.01354997 0.99890420
1305031112.043270 0.08621566 0.00568057 0.06830461 -0.04370425 0.02277309 0.01047177 0.99873003
1305031112.079339 0.09531554 0.00697743 0.06978820 -0.04089659 0.03494833 0.00867105 0.99851434
1305031112.111423 0.10303048 0.00712358 0.06945243 -0.03826544 0.04388815 0.00434435 0.99829390
1305031112.144342 0.11698952 0.00602899 0.06739336 -0.03896300 0.04712657 -0.00033866 0.99812868
1305031112.179390 0.12773536 0.00557136 0.06523880 -0.04098325 0.05968283 -0.00503062 0.99736304
1305031112.211254 0.13610628 0.00033066 0.07192282 -0.04303515 0.06830805 -0.01147978 0.99666955
1305031112.243369 0.14789538 -0.01456390 0.07109149 -0.04486841 0.07631372 -0.01593001 0.99594642
1305031112.279353 0.14816153 -0.00327263 0.07133532 -0.03267632 0.08698049 -0.02187465 0.99543365
1305031112.311312 0.14998165 -0.00954494 0.07435667 -0.02962305 0.09326892 -0.02557733 0.99487144
1305031112.343323 0.15814267 -0.00663367 0.07309730 -0.02124463 0.09239523 -0.02397097 0.99520710
1305031112.379360 0.17194299 -0.00672309 0.06802038 -0.01672600 0.08893645 -0.01821993 0.99573018
1305031112.411442 0.19040507 0.00543013 0.07159788 -0.00771781 0.08163271 -0.00903371 0.99659166
1305031112.443391 0.18897304 -0.00673194 0.06997281 -0.01168836 0.08591824 -0.00793630 0.99620201
1305031112.479418 0.19421351 -0.00069445 0.07026916 -0.00559985 0.08506511 0.00378700 0.99635246
1305031112.511504 0.19651486 -0.00958846 0.05980328 -0.00757802 0.08263656 0.00882039 0.99651190
1305031112.643246 0.24147399 0.00484450 0.06150761 0.00172826 0.07409816 0.03447520 0.99665337
1305031113.011353 0.20827390 -0.01889098 0.06158547 -0.04474178 0.07509117 0.03996091 0.99537059
1305031113.043231 0.20468552 0.01719414 0.05842781 -0.02523475 0.07116215 0.04384421 0.99618113
1305031113.111316 0.18426870 -0.00801114 0.05906596 -0.03857431 0.06618189 0.03059780 0.99659207
1305031113.143306 0.17988461 -0.00982925 0.05523990 -0.04300652 0.06232842 0.03098783 0.99664706
1305031113.179343 0.16459320 -0.00830188 0.06230959 -0.04400926 0.06383626 0.03141686 0.99649440
1305031113.211259 0.14993286 -0.00725492 0.05746752 -0.04054902 0.05921117 0.03112442 0.99693585
1305031113.243227 0.12912053 -0.00637824 0.05827650 -0.04304635 0.05989670 0.03350094 0.99671314
1305031113.279312 0.13556659 -0.00835451 0.06026063 -0.04517740 0.04467233 0.03526787 0.99735629
1305031113.311452 0.12687878 -0.01113738 0.05837548 -0.04046003 0.03621395 0.03756709 0.99781774
1305031113.343252 0.09560379 0.00914496 0.05588003 -0.02374517 0.03567419 0.03549953 0.99845045
1305031113.379312 0.09586334 -0.00200453 0.05834859 -0.03531182 0.02095922 0.03709630 0.99846765
1305031113.411625 0.08657636 -0.00667146 0.06172901 -0.03601013 0.01218637 0.03637177 0.99861497
1305031113.443266 0.06655687 -0.00385197 0.05887203 -0.03269635 0.00973532 0.03060754 0.99894912
1305031113.479311 0.06330698 -0.00134034 0.06110710 -0.03574354 -0.00201244 0.02823324 0.99896008
1305031113.511523 0.04564571 0.00236805 0.06274382 -0.03629868 -0.00538382 0.02310843 0.99905927
1305031113.543242 0.03601872 -0.00459609 0.06239696 -0.04150817 -0.01237031 0.02086607 0.99884366
1305031113.579301 0.03032602 -0.00210302 0.06557042 -0.04096518 -0.02036110 0.01713828 0.99880607
1305031113.611268 0.01730432 -0.00180439 0.06400814 -0.04328488 -0.02181815 0.01194370 0.99875309
1305031113.643222 0.00804282 -0.00191939 0.06475075 -0.04586320 -0.02237677 0.00895278 0.99865695
1305031113.679288 0.00048345 -0.00267710 0.06682721 -0.04735528 -0.02348592 0.00587342 0.99858469
1305031113.711931 -0.01210042 -0.00362656 0.06444501 -0.04739635 -0.02147058 0.00022747 0.99864536
1305031113.743590 -0.01801296 -0.00207272 0.06679810 -0.04629828 -0.02110411 -0.00362614 0.99869812
1305031113.779320 -0.03216981 -0.00174603 0.06835845 -0.04452086 -0.01680038 -0.00939841 0.99882296
1305031113.811237 -0.04038823 -0.00131948 0.06920751 -0.04387349 -0.01679646 -0.00978046 0.99884801
1305031113.843295 -0.05298435 0.00145064 0.06710244 -0.04316631 -0.01267174 -0.01439432 0.99888383
1305031113.879281 -0.06240395 -0.00445112 0.07321636 -0.04445819 -0.01413576 -0.01884139 0.99873352
1305031113.911290 -0.07324599 -0.00006730 0.07111306 -0.03941140 -0.01416381 -0.01897128 0.99894255
1305031113.943291 -0.08321074 -0.00049633 0.06907390 -0.03668501 -0.01122424 -0.02221668 0.99901684
1305031113.979293 -0.09033435 -0.00317769 0.06806327 -0.03544148 -0.01096036 -0.02597210 0.99897408
1305031114.011257 -0.10709560 0.00430510 0.07293358 -0.02845818 -0.00803702 -0.03240670 0.99903721
1305031114.043301 -0.12393484 0.00890952 0.07844149 -0.02515499 -0.00873868 -0.03412916 0.99906259
1305031114.079285 -0.13066162 0.00843456 0.07643134 -0.02257475 -0.01610586 -0.03394608 0.99903886
1305031114.111263 -0.13951671 0.00965679 0.07700773 -0.02029843 -0.02249503 -0.03749534 0.99883735
1305031114.143284 -0.14634763 0.00753894 0.07411566 -0.02169651 -0.02795520 -0.03930504 0.99860046
1305031114.179337 -0.14840391 0.00877699 0.07799791 -0.01818810 -0.03442351 -0.04025120 0.99843080
1305031114.211303 -0.16334730 0.01487468 0.07681224 -0.01437694 -0.03192489 -0.04493141 0.99837632
1305031114.243337 -0.17422898 0.01048773 0.07358389 -0.01848641 -0.03319842 -0.04787141 0.99813048
1305031114.279390 -0.19781455 0.00809979 0.06759983 -0.01936410 -0.03262341 -0.05239057 0.99790579
1305031114.311429 -0.19574167 0.02242793 0.07619745 -0.01506873 -0.04589417 -0.05026557 0.99756706
1305031114.343331 -0.19819894 0.02626367 0.07599790 -0.01396080 -0.05387748 -0.05231853 0.99707827
1305031114.379320 -0.19881101 0.02067807 0.07667352 -0.01654564 -0.06007009 -0.05473097 0.99655524
1305031114.411397 -0.20440617 0.02371689 0.07793468 -0.01410879 -0.06368445 -0.05788638 0.99618994
1305031114.443345 -0.22484717 0.02826078 0.07882120 -0.01240960 -0.06101857 -0.06235797 0.99610954
1305031114.479332 -0.23257436 0.02315225 0.08225019 -0.01507182 -0.06820005 -0.06134652 0.99566972
1305031114.511266 -0.22883306 0.02631731 0.07782862 -0.01415805 -0.08110298 -0.06236486 0.99465194
1305031114.543236 -0.22142878 0.02499555 0.08361266 -0.01760990 -0.09258587 -0.05887126 0.99380678
1305031114.579237 -0.23210095 0.02508344 0.08420820 -0.01853949 -0.08930065 -0.05789697 0.99414769
1305031114.611391 -0.23604266 0.02120055 0.07923755 -0.02318982 -0.08880631 -0.05489868 0.99426445
1305031114.644136 -0.23603544 0.01798956 0.08373325 -0.02968740 -0.09431658 -0.05213562 0.99373282
1305031114.679251 -0.24110685 0.01819292 0.08054505 -0.03176240 -0.10001855 -0.05343553 0.99304183
1305031114.711306 -0.24217623 0.02000631 0.08836769 -0.03092768 -0.10547211 -0.05325426 0.99251352
1305031114.743200 -0.25626919 0.01317068 0.08275858 -0.03407543 -0.10046248 -0.05982694 0.99255574
1305031114.779289 -0.24195126 0.01280144 0.07701562 -0.03161881 -0.11051555 -0.06037394 0.99153495
1305031114.811303 -0.23974681 0.01538979 0.08193560 -0.03056683 -0.11081763 -0.05930811 0.99159854
1305031114.843208 -0.23897675 0.01641230 0.07920747 -0.03006790 -0.11078367 -0.06233649 0.99143182
1305031114.879281 -0.24131949 0.01251677 0.07804874 -0.03291829 -0.10851973 -0.06305892 0.99154598
1305031114.912879 -0.23124953 0.02708607 0.08642694 -0.02635713 -0.11433197 -0.06232153 0.99113547
1305031114.943234 -0.22540022 0.01787758 0.07624967 -0.03422856 -0.11424728 -0.06327339 0.99084431
1305031114.979280 -0.22447194 0.01691000 0.07486057 -0.03733580 -0.10989054 -0.06368702 0.99119830
1305031115.011300 -0.21511987 0.02127876 0.07714172 -0.03981650 -0.11182176 -0.06620737 0.99072051
1305031115.043508 -0.20489326 0.02015548 0.08360344 -0.04369930 -0.11163801 -0.06580775 0.99060419
1305031115.079238 -0.20331940 0.02446633 0.08511891 -0.04357900 -0.10534530 -0.06610550 0.99127862
1305031115.111230 -0.19276837 0.02101669 0.08660983 -0.04911319 -0.10175483 -0.06567389 0.99142362
1305031115.143275 -0.18043770 0.02417629 0.09311017 -0.04808549 -0.09631890 -0.06315456 0.99218041
1305031115.179440 -0.17604339 0.02154188 0.09007141 -0.05177169 -0.09033254 -0.06129036 0.99267478
1305031115.211374 -0.16094418 0.01918167 0.10015724 -0.05268949 -0.09204835 -0.05847545 0.99263868
1305031115.243297 -0.15183367 0.01721041 0.10275246 -0.04893507 -0.08614942 -0.05610555 0.99349676
1305031115.279966 -0.14078879 0.02429220 0.10036977 -0.04450388 -0.08438367 -0.05044935 0.99415978
1305031115.311704 -0.13038455 0.01763749 0.10869166 -0.04777320 -0.07838668 -0.04561673 0.99473231
1305031115.343235 -0.11820677 0.02361089 0.10852196 -0.04055219 -0.06943829 -0.04339247 0.99581672
1305031115.379166 -0.12110208 0.02660102 0.10310169 -0.04452445 -0.05997013 -0.03979204 0.99641244
1305031115.411237 -0.10901771 0.02018444 0.10957932 -0.05424510 -0.06687361 -0.03574992 0.99564418
1305031115.443159 -0.08227238 0.02053990 0.11525618 -0.05812978 -0.07744897 -0.02693531 0.99493571
1305031115.479241 -0.08327143 0.02167751 0.11182559 -0.06095752 -0.06904526 -0.02532991 0.99542721
1305031115.511253 -0.06260481 0.02793059 0.13394725 -0.05968099 -0.07382849 -0.02284356 0.99522144
1305031115.543604 -0.05491024 0.01760762 0.11246192 -0.06476712 -0.05245347 -0.01554571 0.99639961
1305031115.579315 -0.03329321 0.01634547 0.11818261 -0.06501090 -0.04777474 -0.00873669 0.99670198
1305031115.611424 -0.02326838 0.02099954 0.12394003 -0.06091607 -0.04164003 -0.00600485 0.99725588
1305031115.643254 -0.00937289 0.01434787 0.12086209 -0.06352202 -0.03517393 0.00302814 0.99735579
1305031115.679241 -0.00316099 0.01435040 0.11805434 -0.06101896 -0.02965677 0.01150846 0.99762955
1305031115.711320 0.01042037 0.01940660 0.11648610 -0.05800623 -0.03006585 0.01988624 0.99766520
1305031115.743250 0.02815206 0.01545828 0.11834427 -0.06035240 -0.02555658 0.02732152 0.99747581
1305031115.779425 0.03574334 0.02029334 0.11799517 -0.05561948 -0.01360562 0.03443939 0.99776515
1305031115.811277 0.04550821 0.01699928 0.11266084 -0.05741330 -0.00188326 0.04219610 0.99745659
1305031115.843224 0.05827400 0.01698780 0.11416716 -0.05933986 0.00602989 0.04678231 0.99712278
1305031115.879198 0.06698375 0.01406566 0.11459973 -0.05931679 0.01324336 0.05328307 0.99672817
1305031115.911118 0.07970950 0.01341430 0.11169117 -0.05843050 0.01630851 0.06066215 0.99631321
1305031115.943311 0.08224742 0.01450759 0.10919509 -0.05803927 0.02835625 0.06479401 0.99580576
1305031115.980740 0.10206474 0.01902181 0.11597863 -0.05902552 0.02717555 0.07214786 0.99527492
1305031116.011379 0.11729578 0.01288176 0.11268697 -0.06587934 0.03383421 0.07694896 0.99428065
1305031116.043164 0.12447605 0.02230647 0.12243840 -0.06311199 0.04839603 0.07363603 0.99410887
1305031116.080030 0.11792185 0.04099881 0.12275202 -0.05490054 0.06718495 0.07310875 0.99354276
1305031116.111300 0.13645938 0.03414318 0.12631400 -0.06702183 0.07155519 0.07596971 0.99227846
1305031116.143441 0.13635822 0.01900988 0.12492452 -0.08031468 0.08637000 0.07889141 0.98988177
1305031116.179572 0.14839780 0.02375497 0.12665586 -0.08011470 0.08906199 0.08285689 0.98933530
1305031116.211299 0.16854271 -0.00586869 0.12202629 -0.10421512 0.08595103 0.08142099 0.98748279
1305031116.243320 0.16063114 0.01706034 0.13077566 -0.09087964 0.10367176 0.08835354 0.98650226
1305031116.279385 0.18380183 0.03007297 0.13059525 -0.08216697 0.10306970 0.09683072 0.98653385
1305031116.311336 0.18985844 0.00973279 0.13153534 -0.09953513 0.11434037 0.09751863 0.98362043
1305031116.343292 0.20263626 0.00682070 0.13020286 -0.10187422 0.11568055 0.10401647 0.98255800
1305031116.379384 0.20758371 0.00082950 0.12886859 -0.10014622 0.11690343 0.10057481 0.98294915
1305031116.411333 0.19893833 0.01282224 0.12417565 -0.08836312 0.12660477 0.10591195 0.98231657
1305031116.443369 0.20805214 0.01036659 0.12121555 -0.09382706 0.12316363 0.11893887 0.98075519
1305031116.479850 0.20162243 0.00265000 0.11965401 -0.09676389 0.13002395 0.11954990 0.97950924
1305031116.511205 0.18827987 0.04689675 0.12361557 -0.06478730 0.13311743 0.12210897 0.98141314
1305031116.543262 0.17765197 0.01449005 0.12651409 -0.08429762 0.13808849 0.10374386 0.98135758
1305031116.579313 0.16899435 0.01159029 0.11667687 -0.08532752 0.13798873 0.10680408 0.98095424
1305031116.611261 0.14827733 0.00659084 0.12141757 -0.08727598 0.14056176 0.09750427 0.98138586
1305031116.643355 0.13498506 0.00110734 0.11439299 -0.08888679 0.13182742 0.08387761 0.98370993
1305031116.679281 0.14014131 -0.00354535 0.12041801 -0.09352553 0.11774598 0.07887316 0.98547850
1305031116.711634 0.14891753 -0.00331684 0.11044305 -0.09237852 0.09993648 0.07425975 0.98790910
1305031116.743291 0.11123180 0.02364345 0.11083352 -0.07613651 0.11000055 0.05985678 0.98920184
1305031116.779298 0.09231448 0.01484827 0.11007351 -0.08383309 0.11040951 0.04745545 0.98920662
1305031116.811318 0.07604226 0.02696291 0.10872997 -0.07501459 0.10658766 0.04019008 0.99065465
1305031116.846089 0.07453080 0.02314095 0.11478250 -0.07658294 0.09297792 0.03811306 0.99198667
1305031116.880165 0.06671482 0.02767353 0.11603764 -0.07584027 0.07925632 0.03370490 0.99339351
1305031116.912044 0.03966849 0.02614963 0.11434815 -0.07571773 0.07698331 0.02955471 0.99371370
1305031116.943296 0.04357158 0.02628019 0.11358196 -0.07907601 0.04953669 0.02058226 0.99542427
1305031116.979351 0.02644968 0.03040026 0.11216623 -0.07549421 0.03982753 0.01040490 0.99629621
1305031117.011382 0.00631001 0.03009661 0.09483111 -0.07326140 0.03396745 0.00272392 0.99673044
1305031117.043261 0.00771503 0.02803986 0.10970992 -0.07636761 0.01613301 0.00107587 0.99694862
1305031117.079520 -0.00055454 0.03125437 0.11129943 -0.07713512 0.00480332 -0.00410722 0.99700062
1305031117.111238 -0.01358488 0.03202807 0.10970369 -0.07929983 -0.00507496 -0.00565140 0.99682187
1305031117.143218 -0.01905227 0.03813118 0.10859391 -0.07904917 -0.01716918 -0.00528421 0.99670885
1305031117.179264 -0.02166317 0.04006597 0.11025191 -0.08108066 -0.02896721 -0.01015418 0.99623477
1305031117.211361 -0.02440166 0.03671918 0.10997780 -0.08581427 -0.03723733 -0.01306067 0.99552936
1305031117.243277 -0.02572734 0.04020762 0.10855717 -0.08745625 -0.03989197 -0.01558985 0.99524720
1305031117.279299 -0.02326791 0.03801530 0.11282923 -0.09371707 -0.04234654 -0.01878823 0.99452043
1305031117.311200 -0.02943202 0.03789801 0.11340315 -0.09662916 -0.03813242 -0.02067408 0.99437483
1305031117.343243 -0.03005276 0.03217982 0.11431681 -0.10062584 -0.03899421 -0.02164497 0.99392424
1305031117.379454 -0.02772713 0.02746646 0.11475804 -0.10180286 -0.04071097 -0.02145735 0.99373959
1305031117.411221 -0.03427355 0.02721906 0.11325544 -0.09854758 -0.03933492 -0.02196524 0.99411200
1305031117.443274 -0.03168078 0.02022992 0.11229938 -0.09861001 -0.04243048 -0.01940569 0.99403176
1305031117.479403 -0.03058998 0.01668619 0.11383361 -0.09677446 -0.04410706 -0.01818596 0.99416223
1305031117.511325 -0.03410214 0.01168068 0.11251686 -0.09358620 -0.04395314 -0.01747064 0.99448706
1305031117.544285 -0.03657484 0.01128918 0.11106209 -0.08673132 -0.04310694 -0.01643480 0.99516299
1305031117.579155 -0.03540719 0.00364731 0.11169939 -0.08574014 -0.04572263 -0.01855316 0.99509490
1305031117.611159 -0.03482687 0.00093330 0.11380609 -0.08388595 -0.04855168 -0.01748711 0.99513822
1305031117.643252 -0.03424576 -0.00616408 0.11796357 -0.08354635 -0.05134896 -0.01574368 0.99505549
1305031117.679262 -0.03261832 -0.00699551 0.11924893 -0.08088824 -0.05530732 -0.01490784 0.99507585
1305031117.711184 -0.03857519 -0.01552086 0.12286954 -0.08316439 -0.05491349 -0.01334240 0.99493225
1305031117.743184 -0.03336768 -0.02699848 0.12556691 -0.08649778 -0.05972714 -0.00900839 0.99441925
1305031117.779467 -0.03398596 -0.02701917 0.12627821 -0.08279479 -0.06185593 -0.00800659 0.99461287
1305031117.811320 -0.03338898 -0.03776966 0.13153818 -0.08611461 -0.06426033 -0.00529510 0.99419658
1305031117.843291 -0.03072970 -0.04492607 0.13592896 -0.08417150 -0.06548062 -0.00493785 0.99428520
1305031117.879451 -0.03100560 -0.04997294 0.13682403 -0.08228644 -0.06202790 -0.00486549 0.99466467
1305031117.911407 -0.03544329 -0.05780135 0.13798688 -0.08174766 -0.05756425 -0.00620349 0.99496995
1305031117.943253 -0.03117172 -0.06007688 0.14387068 -0.07883763 -0.05860964 -0.00500238 0.99515050
1305031117.979228 -0.03290199 -0.06855585 0.14663665 -0.08243132 -0.05617380 -0.00540581 0.99499767
1305031118.011228 -0.03710086 -0.07604028 0.15387820 -0.08407464 -0.05455030 -0.00654089 0.99494369
1305031118.043521 -0.03538103 -0.08452137 0.15771985 -0.08469797 -0.05422836 -0.00608151 0.99491133
1305031118.079334 -0.03632284 -0.09059907 0.15991902 -0.08345415 -0.05214854 -0.00853542 0.99510958
1305031118.111217 -0.03469577 -0.09711782 0.16305913 -0.08300508 -0.04840835 -0.00959551 0.99532644
1305031118.143256 -0.03330911 -0.10415200 0.16735995 -0.08225827 -0.04556440 -0.01091846 0.99550904
1305031118.179323 -0.03077598 -0.11443204 0.17221171 -0.08390252 -0.04410456 -0.01175334 0.99542806
1305031118.211202 -0.03637154 -0.12503940 0.17324914 -0.08261024 -0.03897642 -0.01185700 0.99574886
1305031118.243173 -0.03923331 -0.13097779 0.17542587 -0.07986583 -0.03899881 -0.01187129 0.99597169
1305031118.279194 -0.03817827 -0.14050142 0.18154986 -0.07746238 -0.04003733 -0.01060641 0.99613458
1305031118.311299 -0.03961795 -0.14422321 0.17939954 -0.06910331 -0.03909281 -0.01275850 0.99676161
1305031118.343324 -0.03901410 -0.14199544 0.19077110 -0.06182867 -0.04012799 -0.01270530 0.99719884
1305031118.379208 -0.03674855 -0.14604993 0.18875539 -0.05819211 -0.03924539 -0.01184633 0.99746335
1305031118.411296 -0.04049375 -0.15102109 0.18077847 -0.05494161 -0.03789558 -0.01411656 0.99767032
1305031118.445692 -0.03653617 -0.15399189 0.18372342 -0.05503412 -0.03981587 -0.01155107 0.99762343
1305031118.479285 -0.03434963 -0.15084453 0.18990174 -0.05563581 -0.04397490 -0.00763868 0.99745301
1305031118.511255 -0.03458724 -0.14946745 0.18154545 -0.05100057 -0.04258991 -0.01042489 0.99773562
1305031118.544414 -0.03431893 -0.14116059 0.18324748 -0.04920961 -0.04185846 -0.00934505 0.99786720
1305031118.579285 -0.03041028 -0.13252907 0.18503980 -0.04776576 -0.04322107 -0.00841093 0.99788758
1305031118.616142 -0.03096170 -0.12572035 0.18927079 -0.04657638 -0.04167142 -0.00988646 0.99799619
1305031118.645325 -0.03665427 -0.13706197 0.17682078 -0.05402011 -0.03404999 -0.01789492 0.99779868
1305031118.679295 -0.03195559 -0.12116054 0.18360978 -0.05282415 -0.03701301 -0.01473230 0.99780890
1305031118.711421 -0.03488416 -0.12296436 0.17848273 -0.05606706 -0.03510062 -0.01951518 0.99761896
1305031118.746770 -0.03621732 -0.11957423 0.17423330 -0.05623431 -0.03740411 -0.01790231 0.99755608
1305031118.779277 -0.03650063 -0.09938088 0.16864873 -0.05154094 -0.04025033 -0.01724414 0.99771042
1305031118.811221 -0.03429187 -0.10404267 0.16953783 -0.06038976 -0.04351758 -0.01931058 0.99703881
1305031118.846753 -0.03486067 -0.10009103 0.16384016 -0.05750027 -0.04202797 -0.02014952 0.99725692
1305031118.879208 -0.02763460 -0.07843127 0.15590031 -0.05002889 -0.04355056 -0.02028612 0.99759157
1305031118.911177 -0.03217945 -0.07564057 0.15540867 -0.05413150 -0.04055389 -0.02348912 0.99743342
1305031118.946974 -0.02871533 -0.06755945 0.14863718 -0.05313942 -0.04094338 -0.02480006 0.99743912
1305031118.979374 -0.03662080 -0.05986429 0.13626452 -0.05334338 -0.03429214 -0.03226290 0.99746561
1305031119.011363 -0.03498285 -0.04809698 0.13864231 -0.05594003 -0.03707746 -0.03163320 0.99724386
1305031119.047172 -0.03665118 -0.04225767 0.13532782 -0.05847544 -0.03716957 -0.03104083 0.99711359
1305031119.079223 -0.03747337 -0.03178259 0.13110112 -0.05707272 -0.03929775 -0.03067811 0.99712449
1305031119.111328 -0.03913607 -0.02677686 0.12447329 -0.05814768 -0.04238461 -0.03074285 0.99693393
1305031119.147616 -0.04091819 -0.01847639 0.12108932 -0.05809319 -0.04459375 -0.02899262 0.99689318
1305031119.179226 -0.03595183 -0.01148149 0.11925331 -0.05759856 -0.05202547 -0.02794025 0.99659174
1305031119.211364 -0.03979246 -0.00715430 0.11074492 -0.05654995 -0.05085610 -0.02748513 0.99672480
1305031119.247399 -0.03482307 0.00053076 0.11035865 -0.05613451 -0.05562377 -0.02503710 0.99655811
1305031119.279212 -0.03965263 0.00781732 0.10274753 -0.05516574 -0.05303945 -0.02647945 0.99671581
1305031119.311212 -0.03842323 0.01397380 0.10303057 -0.05609419 -0.05434518 -0.02250348 0.99669134
1305031119.347741 -0.04122995 0.02053824 0.09813058 -0.05423689 -0.05466667 -0.02109133 0.99680744
1305031119.379239 -0.03817303 0.03051302 0.09596983 -0.05227702 -0.05843449 -0.01986793 0.99672353
1305031119.411484 -0.03026483 0.03551372 0.09335284 -0.05447558 -0.06254263 -0.01817169 0.99638879
1305031119.447706 -0.03492574 0.04420311 0.08959100 -0.05325795 -0.05676138 -0.01845671 0.99679541
1305031119.479267 -0.03613544 0.05097239 0.08596915 -0.05206873 -0.05453941 -0.01966993 0.99695907
1305031119.511240 -0.04060044 0.05873416 0.08395889 -0.05304175 -0.05085049 -0.01939268 0.99710818
1305031119.547382 -0.03252418 0.06819294 0.08426963 -0.05351919 -0.05605968 -0.01598437 0.99686384
1305031119.579559 -0.03621548 0.07580770 0.08025531 -0.05591119 -0.05242901 -0.01614964 0.99692744
1305031119.615017 -0.03888582 0.08503444 0.07654487 -0.05805950 -0.04890153 -0.01666567 0.99697542
1305031119.647903 -0.03987825 0.09605572 0.07802826 -0.05807822 -0.04837284 -0.01463835 0.99703195
1305031119.679208 -0.03905080 0.10439377 0.07706640 -0.06160716 -0.04632870 -0.01667942 0.99688515
1305031119.715232 -0.03301049 0.10815363 0.07693294 -0.06988198 -0.04547633 -0.01392676 0.99642082
1305031119.747193 -0.04302574 0.11241105 0.07405185 -0.07455979 -0.03872781 -0.00978561 0.99641620
1305031119.779169 -0.04022292 0.11929932 0.07632352 -0.07684327 -0.04225179 -0.00801155 0.99611531
1305031119.814537 -0.03949145 0.12887123 0.07330892 -0.07744064 -0.04339891 -0.00415804 0.99604327
1305031119.847429 -0.03749287 0.13407068 0.07561460 -0.08076364 -0.04364458 -0.00004595 0.99577728
1305031119.879214 -0.03632628 0.13723402 0.07872219 -0.08266660 -0.04350665 0.00131124 0.99562628
1305031119.911401 -0.03763761 0.14704864 0.07079554 -0.08020409 -0.04002784 0.00166344 0.99597305
1305031119.947392 -0.03812080 0.15125559 0.07167412 -0.08497426 -0.03854267 0.00281918 0.99563341
1305031119.979537 -0.04035491 0.15600252 0.06802443 -0.08725362 -0.03360270 0.00038168 0.99561916
1305031120.015264 -0.03971929 0.16513294 0.06845424 -0.08836913 -0.03102052 0.00268727 0.99560103
1305031120.047290 -0.04250045 0.16024394 0.06736326 -0.10024754 -0.02929358 0.00303501 0.99452657
1305031120.079418 -0.04096266 0.15900999 0.07025175 -0.10311467 -0.03238640 0.00580624 0.99412513
1305031120.115232 -0.04126443 0.16112597 0.06889377 -0.10428133 -0.03471979 0.00757452 0.99391276
1305031120.148157 -0.03988966 0.15919057 0.06998887 -0.10668440 -0.03605712 0.00823568 0.99360480
1305031120.179246 -0.03862697 0.15490377 0.07043241 -0.10653361 -0.03614902 0.01148335 0.99358541
1305031120.215249 -0.03673011 0.15215898 0.06911775 -0.10253578 -0.03692221 0.01148444 0.99397750
1305031120.248003 -0.04176805 0.15196432 0.06933840 -0.09678238 -0.03410781 0.00760800 0.99469189
1305031120.279430 -0.03901874 0.14635023 0.07009710 -0.09458574 -0.03456668 0.00587068 0.99489910
1305031120.315196 -0.04184480 0.14068906 0.06823456 -0.09221496 -0.03201946 0.00466601 0.99521324
1305031120.347787 -0.04109830 0.13496974 0.07252552 -0.08849298 -0.03267577 0.00184880 0.99553898
1305031120.379437 -0.03656245 0.12646993 0.08093309 -0.08887563 -0.03649313 0.00219451 0.99537157
1305031120.415445 -0.03631172 0.11613815 0.07757370 -0.08396696 -0.03568908 0.00110544 0.99582861
1305031120.447417 -0.03706538 0.11483092 0.08221132 -0.07451448 -0.03671295 0.00193326 0.99654203
1305031120.479432 -0.03645684 0.10427292 0.08514371 -0.07320297 -0.03734213 0.00266067 0.99661417
1305031120.514819 -0.03993724 0.09277508 0.08605107 -0.06918676 -0.03656678 0.00464536 0.99692251
1305031120.547736 -0.04270804 0.08999847 0.08424185 -0.06075338 -0.03789544 0.00607023 0.99741472
1305031120.579551 -0.03760112 0.08500758 0.09000852 -0.05697781 -0.04465075 0.00964404 0.99732985
1305031120.615236 -0.04230355 0.07481866 0.09125604 -0.05587085 -0.04609563 0.01174947 0.99730416
1305031120.647354 -0.03766502 0.07246718 0.09908117 -0.04878213 -0.05199461 0.01193244 0.99738382
1305031120.679318 -0.04110133 0.07062703 0.09894073 -0.04366411 -0.05067171 0.01152797 0.99769381
1305031120.714522 -0.04098539 0.06053902 0.10297367 -0.04420822 -0.05121235 0.01256344 0.99762974
1305031120.747369 -0.04029206 0.05511020 0.10763985 -0.04267463 -0.05422802 0.01327255 0.99752796
1305031120.779894 -0.03726595 0.04603350 0.11194631 -0.04159320 -0.05748712 0.01343978 0.99738890
1305031120.814944 -0.03469554 0.03880041 0.11166447 -0.04024826 -0.05886827 0.01298542 0.99736953
1305031120.847921 -0.03442150 0.03165228 0.11337798 -0.04111267 -0.06018900 0.01089059 0.99728052
1305031120.883435 -0.03587536 0.02544375 0.11732148 -0.03850018 -0.05898278 0.00872434 0.99747815
1305031120.915444 -0.03419324 0.02081592 0.11779167 -0.03652272 -0.05829679 0.00714633 0.99760539
1305031120.947488 -0.03556218 0.01481708 0.12070976 -0.03630943 -0.05745724 0.00408548 0.99767911
1305031120.983366 -0.03610113 0.00733314 0.12401744 -0.03641882 -0.05759110 0.00206213 0.99767364
1305031121.015019 -0.03636857 0.00070790 0.12482040 -0.03482133 -0.05809517 0.00124004 0.99770281
1305031121.047498 -0.03532556 -0.00566565 0.12486052 -0.03471876 -0.05847257 -0.00022123 0.99768508
1305031121.083099 -0.03740215 -0.01616326 0.12797782 -0.03573375 -0.05867258 -0.00089512 0.99763712
1305031121.114696 -0.03700157 -0.02266308 0.12887675 -0.03380050 -0.06040680 -0.00084215 0.99760104
1305031121.147331 -0.03680170 -0.02768721 0.12960517 -0.03102424 -0.06149051 -0.00218876 0.99762299
1305031121.183271 -0.03806911 -0.03415485 0.12872033 -0.02889910 -0.06149158 -0.00214501 0.99768684
1305031121.211420 -0.03507240 -0.04402977 0.13388552 -0.02897853 -0.06318853 -0.00186044 0.99757907
1305031121.247194 -0.03875131 -0.04653098 0.13314594 -0.02480202 -0.06032153 -0.00356327 0.99786446
1305031121.282876 -0.03719650 -0.05773590 0.13731092 -0.02818726 -0.06222419 -0.00055331 0.99766393
1305031121.313568 -0.03870222 -0.06622482 0.13578250 -0.02530742 -0.06107642 -0.00238497 0.99780936
1305031121.347517 -0.03798054 -0.06845003 0.14062816 -0.02233336 -0.06370865 0.00001270 0.99771861
1305031121.383226 -0.03580324 -0.07808995 0.13998179 -0.02228910 -0.06482865 0.00122440 0.99764670
1305031121.414318 -0.03374842 -0.08172650 0.14460731 -0.01620468 -0.06607587 -0.00065275 0.99768280
1305031121.447319 -0.03239521 -0.08470824 0.15191472 -0.01533445 -0.06739821 0.00281662 0.99760433
1305031121.482964 -0.03665629 -0.09793556 0.15122771 -0.01605973 -0.06203431 0.00238455 0.99794195
1305031121.514107 -0.03918463 -0.10510898 0.15021649 -0.01358515 -0.05953606 0.00052875 0.99813357
1305031121.547270 -0.04030592 -0.10721904 0.14882901 -0.01235014 -0.05839438 -0.00039885 0.99821712
1305031121.583204 -0.04040705 -0.11521532 0.15924478 -0.01645481 -0.05780160 0.00212938 0.99819020
1305031121.614700 -0.04218655 -0.12732689 0.15319341 -0.01699559 -0.05440302 -0.00271981 0.99837070
1305031121.647183 -0.03600038 -0.11960623 0.16077705 -0.01185448 -0.05394747 -0.00047314 0.99847329
1305031121.683200 -0.04000828 -0.12958765 0.15882406 -0.01527723 -0.04855343 -0.00507759 0.99869084
1305031121.714520 -0.04048571 -0.13539945 0.16323400 -0.01794861 -0.04812372 -0.00049527 0.99867998
1305031121.747145 -0.03622228 -0.12629800 0.16796279 -0.01358577 -0.05065033 0.00307609 0.99861930
1305031121.782835 -0.04273985 -0.14230515 0.16584577 -0.01938540 -0.04632240 -0.00150088 0.99873730
1305031121.811540 -0.03461237 -0.14653775 0.16708818 -0.02100557 -0.04860687 0.00164411 0.99859573
1305031121.847335 -0.04442712 -0.15724738 0.17142442 -0.02337664 -0.04193084 -0.00056707 0.99884684
1305031121.882060 -0.04773504 -0.15979868 0.17752407 -0.02765315 -0.04068157 0.00695022 0.99876524
1305031121.914931 -0.04195676 -0.14610118 0.17035785 -0.02607484 -0.04507039 0.01487323 0.99853270
1305031121.947288 -0.04648947 -0.15637955 0.17272817 -0.02890610 -0.04168043 0.01103924 0.99865175
1305031121.982926 -0.04509922 -0.15197961 0.17932405 -0.02600772 -0.04566461 0.00957610 0.99857230
1305031122.014256 -0.03500665 -0.14344840 0.17153470 -0.02652446 -0.05084485 0.01053953 0.99829864
1305031122.047306 -0.04177681 -0.15059890 0.17334759 -0.02839766 -0.04781914 0.00648480 0.99843119
1305031122.082959 -0.04185875 -0.14500841 0.17020179 -0.02728994 -0.04810754 0.00241165 0.99846638
1305031122.114672 -0.04327491 -0.13541493 0.16999559 -0.02330857 -0.04812093 -0.00297525 0.99856509
1305031122.150725 -0.04566967 -0.12662122 0.17105524 -0.02245756 -0.04803656 -0.00871136 0.99855509
1305031122.183042 -0.03463092 -0.12190431 0.16401534 -0.02244356 -0.05153542 -0.01131197 0.99835486
1305031122.214959 -0.03925202 -0.11074737 0.14992172 -0.02353239 -0.04597935 -0.01823200 0.99849873
1305031122.251319 -0.04415033 -0.10524652 0.15730099 -0.02999605 -0.04467299 -0.02071436 0.99833635
1305031122.283560 -0.04303720 -0.09343940 0.15196866 -0.02876559 -0.04633505 -0.02191357 0.99827121
1305031122.314289 -0.04944810 -0.07757185 0.15030916 -0.03076224 -0.04590978 -0.02724892 0.99809993
1305031122.351327 -0.04975444 -0.07428420 0.14552595 -0.03936492 -0.04740846 -0.03025707 0.99764089
1305031122.382630 -0.04003027 -0.06657625 0.14475313 -0.04505935 -0.05564895 -0.02639412 0.99708385
1305031122.414997 -0.04728230 -0.06021861 0.13770458 -0.04805800 -0.05557411 -0.02819217 0.99689877
1305031122.451257 -0.04410282 -0.05464053 0.13409872 -0.05090179 -0.06235399 -0.02678096 0.99639539
1305031122.483360 -0.04786563 -0.04402248 0.13356557 -0.05207515 -0.06624130 -0.02694117 0.99607954
1305031122.515097 -0.04790007 -0.03694532 0.13052610 -0.05373775 -0.07004398 -0.02827425 0.99569406
1305031122.551490 -0.04239692 -0.02903545 0.12634210 -0.05491866 -0.07353080 -0.02887411 0.99536096
1305031122.583208 -0.04515375 -0.02110914 0.12452216 -0.05573596 -0.07089065 -0.03075427 0.99545075
1305031122.614980 -0.04578932 -0.01572998 0.12019141 -0.05634629 -0.07119576 -0.03067916 0.99539693
1305031122.648788 -0.04855610 -0.00733433 0.11758234 -0.05481661 -0.07212155 -0.02892305 0.99546827
1305031122.683402 -0.04266502 -0.00197009 0.11324266 -0.05551548 -0.07621398 -0.02691327 0.99518096
1305031122.715208 -0.04925253 0.00748072 0.10877393 -0.05398610 -0.07531008 -0.02441806 0.99539824
1305031122.751298 -0.04829200 0.01579337 0.10358629 -0.05346433 -0.07791028 -0.02530952 0.99520399
1305031122.783423 -0.04883004 0.02723997 0.10348687 -0.05526612 -0.07791819 -0.02440383 0.99512756
1305031122.812555 -0.05021167 0.03409130 0.10034900 -0.05941504 -0.07570563 -0.02546996 0.99503256
1305031122.851418 -0.04326979 0.03630638 0.09582282 -0.06421873 -0.07514797 -0.02616640 0.99475829
1305031122.883754 -0.04591615 0.04611950 0.09717894 -0.06573458 -0.06784196 -0.02555433 0.99520019
1305031122.914571 -0.04906508 0.05130454 0.09523602 -0.06932108 -0.06398580 -0.02504714 0.99522512
1305031122.951341 -0.04794030 0.05216348 0.08841040 -0.07203983 -0.06324095 -0.02611911 0.99505208
1305031122.982815 -0.04873388 0.06552079 0.09263603 -0.07042911 -0.06402806 -0.01966070 0.99526560
1305031123.015450 -0.04832486 0.07017469 0.09259338 -0.07292678 -0.06557366 -0.01753279 0.99502481
1305031123.051827 -0.05081024 0.07657384 0.08955487 -0.07086460 -0.06297418 -0.01630133 0.99536261
1305031123.082975 -0.04974096 0.08337619 0.08838443 -0.07040963 -0.06301867 -0.01492124 0.99541373
1305031123.113873 -0.04898926 0.08888647 0.08418279 -0.07417388 -0.06175820 -0.01118582 0.99526832
1305031123.150822 -0.04999362 0.09787163 0.08693375 -0.07560481 -0.06138422 -0.01047264 0.99519155
1305031123.182155 -0.04453212 0.10283460 0.08395200 -0.07882175 -0.06237293 -0.00956137 0.99488961
1305031123.214704 -0.04299644 0.10782008 0.08343176 -0.08433050 -0.05839750 -0.00867557 0.99468730
1305031123.250618 -0.04204355 0.12700143 0.07913367 -0.08310250 -0.05511836 -0.00958204 0.99496941
1305031123.282347 -0.04447039 0.13160975 0.08051316 -0.09232117 -0.05022530 -0.00868471 0.99442385
1305031123.311327 -0.04114712 0.13227808 0.08009393 -0.10102441 -0.04835319 -0.00653944 0.99368671
1305031123.350481 -0.04040522 0.14322554 0.08324100 -0.10290760 -0.04493037 -0.00771096 0.99364573
1305031123.382255 -0.04134767 0.15313883 0.07920424 -0.10453862 -0.03863630 -0.00476203 0.99375864
1305031123.411363 -0.04331301 0.15034783 0.07945908 -0.11313100 -0.03285800 -0.00231609 0.99303392
1305031123.451255 -0.04221814 0.16490412 0.08120316 -0.10917236 -0.03106981 -0.00230906 0.99353446
1305031123.483594 -0.03789096 0.17258650 0.08120485 -0.11169481 -0.03179188 0.00267720 0.99323027
1305031123.511360 -0.03691949 0.16875994 0.07888868 -0.12140601 -0.02998103 0.00670622 0.99212738
1305031123.551513 -0.04056999 0.17984150 0.07610545 -0.11811283 -0.02714289 0.00886213 0.99258959
1305031123.579583 -0.03585392 0.17699662 0.07699315 -0.12597002 -0.02951248 0.01228240 0.99151889
1305031123.611335 -0.03725603 0.18886761 0.07824328 -0.12258209 -0.02745318 0.01479446 0.99196829
1305031123.652411 -0.03397837 0.19918856 0.07662623 -0.12276622 -0.02675078 0.01279608 0.99199250
1305031123.683753 -0.03011302 0.19580463 0.07724537 -0.13228913 -0.02630827 0.01479077 0.99075158
1305031123.711323 -0.03294809 0.20224667 0.07414255 -0.13497146 -0.01949013 0.01601068 0.99052839
1305031123.751723 -0.03728402 0.19811986 0.07303743 -0.14245121 -0.01408871 0.01787045 0.98954020
1305031123.783858 -0.03421547 0.20203441 0.07526961 -0.14289818 -0.01674602 0.01897303 0.98941382
1305031123.811608 -0.03472452 0.20795314 0.07282165 -0.14044006 -0.01630440 0.01919305 0.98976885
1305031123.851444 -0.03361999 0.19209693 0.07082682 -0.15292701 -0.01714224 0.02240079 0.98783484
1305031123.883786 -0.02791319 0.20516904 0.07679480 -0.14375901 -0.02283375 0.02270668 0.98908866
1305031123.911243 -0.03457839 0.20611328 0.07197442 -0.13830287 -0.01950236 0.02167854 0.98996061
1305031123.951442 -0.03601327 0.20409071 0.07140237 -0.13881673 -0.01891993 0.02313368 0.98986705
1305031123.983415 -0.03387848 0.19065723 0.07518549 -0.14814463 -0.02208353 0.02625883 0.98837036
1305031124.011302 -0.03780836 0.18876213 0.07325000 -0.14181225 -0.02381815 0.02538745 0.98928128
1305031124.051505 -0.03509283 0.18882003 0.07498686 -0.13456244 -0.02842147 0.02509305 0.99017953
1305031124.083837 -0.03709586 0.18652444 0.07407447 -0.13275342 -0.02983396 0.02661621 0.99034239
1305031124.111331 -0.03558488 0.17672443 0.07862229 -0.12850527 -0.03412019 0.02513430 0.99080294
1305031124.147446 -0.03356165 0.17600220 0.08041821 -0.12129507 -0.03700432 0.02409268 0.99163387
1305031124.182694 -0.02831814 0.16225645 0.08367553 -0.12589680 -0.04162160 0.02183093 0.99092939
1305031124.211396 -0.03185544 0.15441668 0.08434837 -0.12017661 -0.04005991 0.02117947 0.99171781
1305031124.249327 -0.03002518 0.14932723 0.08636340 -0.11472140 -0.04311094 0.01945426 0.99227112
1305031124.282545 -0.03586335 0.15172659 0.08656787 -0.10853165 -0.04359739 0.01742080 0.99298372
1305031124.311361 -0.03114788 0.13524906 0.08984136 -0.11084123 -0.05060239 0.02005154 0.99234649
1305031124.350354 -0.03367237 0.13790776 0.09054670 -0.10028498 -0.05209971 0.01856658 0.99342027
1305031124.382420 -0.03327594 0.12595265 0.09087235 -0.09968209 -0.05476623 0.01627826 0.99337765
1305031124.411439 -0.03317147 0.11995633 0.09292584 -0.09370930 -0.05598360 0.01650156 0.99388737
1305031124.450245 -0.03008985 0.11069349 0.09443348 -0.08799807 -0.05902390 0.01429400 0.99426767
1305031124.480099 -0.03142058 0.10328057 0.09480224 -0.08141922 -0.05947187 0.01190460 0.99483279
1305031124.511324 -0.03694227 0.10050307 0.09435901 -0.07183085 -0.05753761 0.00926799 0.99571274
1305031124.550437 -0.03695726 0.09132754 0.09396751 -0.06845363 -0.05941777 0.00615494 0.99586432
1305031124.579404 -0.03712899 0.07982432 0.09619097 -0.06686199 -0.06164280 0.00561150 0.99584042
1305031124.611358 -0.03761816 0.07217273 0.09690875 -0.06160193 -0.06382851 0.00237637 0.99605496
1305031124.651271 -0.03597622 0.06586099 0.10188696 -0.05686394 -0.06751461 0.00073804 0.99609624
1305031124.679362 -0.03641690 0.05681649 0.10327020 -0.05331786 -0.06842870 -0.00084299 0.99622990
1305031124.711251 -0.03299144 0.04852060 0.10567222 -0.04931063 -0.07082235 -0.00308551 0.99626459
1305031124.749890 -0.03366083 0.04016590 0.10980756 -0.04710409 -0.07096991 -0.00506823 0.99635274
1305031124.779365 -0.03228512 0.03096940 0.11354004 -0.04436674 -0.07326826 -0.00529773 0.99631084
1305031124.811360 -0.03218025 0.02387513 0.11519003 -0.04187836 -0.07428917 -0.00634026 0.99633685
1305031124.850535 -0.03732347 0.01463982 0.11823785 -0.04161338 -0.07232833 -0.00746507 0.99648443
1305031124.879355 -0.03348199 0.00381707 0.12310935 -0.04128784 -0.07473504 -0.00781182 0.99631770
1305031124.911448 -0.03303472 0.00159360 0.12837262 -0.03723691 -0.07245125 -0.00834849 0.99664163
1305031124.950730 -0.03178546 -0.00988438 0.13197996 -0.04219309 -0.07182897 -0.00766578 0.99649464
1305031124.979438 -0.02851220 -0.02663580 0.13944058 -0.04578284 -0.07375235 -0.00460762 0.99621448
1305031125.011454 -0.03731780 -0.03074050 0.13906273 -0.03853985 -0.07088604 -0.00576618 0.99672293
1305031125.050763 -0.03431879 -0.03087151 0.14270025 -0.03363986 -0.07419326 -0.00429035 0.99666710
1305031125.079364 -0.03161144 -0.04061248 0.14935027 -0.03613439 -0.07569179 -0.00088630 0.99647593
1305031125.111364 -0.02923479 -0.04750619 0.15369935 -0.03561750 -0.07821473 0.00296119 0.99629568
1305031125.151013 -0.03090893 -0.05286471 0.15356846 -0.03027845 -0.07713171 -0.00124737 0.99656026
1305031125.179353 -0.03128463 -0.05757546 0.15620466 -0.03144389 -0.07449022 -0.00017447 0.99672587
1305031125.211320 -0.03751718 -0.06484654 0.15893330 -0.03340632 -0.07038599 -0.00363578 0.99695367
1305031125.250632 -0.03719141 -0.07722923 0.16241379 -0.03454134 -0.07091053 -0.00465801 0.99687356
1305031125.279467 -0.03985604 -0.07832117 0.16017331 -0.02928804 -0.06909388 -0.00678865 0.99715704
1305031125.311493 -0.03988758 -0.08995372 0.15922552 -0.03156873 -0.06673706 -0.00733302 0.99724411
1305031125.348880 -0.03502505 -0.08365433 0.17100848 -0.02354494 -0.07110534 -0.00704372 0.99716601
1305031125.379401 -0.03368709 -0.09010978 0.17378722 -0.02425474 -0.06925645 -0.01262145 0.99722412
1305031125.411335 -0.03072050 -0.10028487 0.16804574 -0.02882789 -0.06234762 -0.01093506 0.99757814
1305031125.451195 -0.03645586 -0.10494171 0.17112195 -0.03134543 -0.05522256 -0.01492083 0.99787038
1305031125.479424 -0.03358691 -0.10939069 0.17719068 -0.03093216 -0.05366972 -0.01583751 0.99795387
1305031125.511316 -0.03109784 -0.10332565 0.18120125 -0.02787711 -0.05207645 -0.01341197 0.99816383
1305031125.551020 -0.03819427 -0.11062900 0.17840111 -0.03022070 -0.04490292 -0.01927507 0.99834809
1305031125.579308 -0.03685257 -0.10479000 0.18781739 -0.02806953 -0.04421527 -0.02178298 0.99839001
1305031125.611533 -0.04182394 -0.12225747 0.17332004 -0.03262721 -0.03208946 -0.02447511 0.99865244
1305031125.650575 -0.04889514 -0.11789776 0.17805822 -0.02629166 -0.03039305 -0.02146527 0.99896159
1305031125.679328 -0.05136420 -0.11924235 0.17041838 -0.02416081 -0.03309716 -0.02067873 0.99894606
1305031125.711443 -0.04996232 -0.11898447 0.16916028 -0.02256795 -0.03938272 -0.02001128 0.99876886
1305031125.751260 -0.04108695 -0.11790677 0.15643586 -0.02140637 -0.04316248 -0.01501384 0.99872586
1305031125.779348 -0.04527602 -0.10509885 0.16030855 -0.01729416 -0.04335351 -0.01933241 0.99872301
1305031125.811573 -0.04403045 -0.09741495 0.15809920 -0.01527615 -0.04353407 -0.02215750 0.99868938
1305031125.847412 -0.04362497 -0.09255242 0.15647542 -0.01829037 -0.04221448 -0.02240688 0.99868981
1305031125.879318 -0.04756707 -0.08640959 0.15540080 -0.01790607 -0.04154150 -0.02409379 0.99868572
1305031125.911305 -0.05385184 -0.07279180 0.15031272 -0.01738203 -0.04236738 -0.02402858 0.99866185
1305031125.947343 -0.05122760 -0.07277165 0.14804378 -0.02413227 -0.05034951 -0.01938426 0.99825188
1305031125.979324 -0.05092460 -0.06259424 0.14024225 -0.02246983 -0.05686241 -0.01719700 0.99798098
1305031126.011333 -0.04352840 -0.05554522 0.13964397 -0.02564059 -0.06562803 -0.01594212 0.99738727
1305031126.047324 -0.04099318 -0.04422712 0.14037108 -0.02745920 -0.06834636 -0.01531261 0.99716613
1305031126.079356 -0.04333751 -0.03578858 0.13500805 -0.03119796 -0.06419892 -0.01580035 0.99732419
1305031126.111370 -0.03603427 -0.03072323 0.13900666 -0.03691579 -0.06806721 -0.01448068 0.99689237
1305031126.147432 -0.03731431 -0.01796986 0.13539305 -0.03788111 -0.06592637 -0.01237449 0.99702839
1305031126.179384 -0.03633420 -0.00733180 0.13598926 -0.04406280 -0.06699481 -0.01053947 0.99672418
1305031126.211319 -0.03665937 0.00067299 0.13854057 -0.04788088 -0.06782307 -0.01155225 0.99648081
1305031126.247298 -0.03731695 0.01309859 0.13559788 -0.04898029 -0.06582569 -0.01077252 0.99657005
1305031126.279363 -0.03691553 0.01936894 0.13436720 -0.05444431 -0.06408516 -0.01276306 0.99637644
1305031126.311332 -0.03225992 0.03446805 0.13537489 -0.05580721 -0.06376510 -0.01240272 0.99632612
1305031126.347363 -0.03598878 0.04040708 0.13297804 -0.06097416 -0.05750654 -0.01327362 0.99639298
1305031126.379423 -0.03816346 0.05003691 0.12992421 -0.06287617 -0.05310846 -0.01626752 0.99647451
1305031126.411465 -0.03758332 0.05677562 0.12953076 -0.06834521 -0.05215626 -0.01686650 0.99615470
1305031126.447361 -0.03622499 0.06299333 0.12929603 -0.07322573 -0.05186576 -0.01628835 0.99583263
1305031126.479533 -0.03534915 0.06762748 0.12702239 -0.07696152 -0.05258849 -0.01301928 0.99556108
1305031126.511410 -0.03828203 0.08152191 0.12318890 -0.07615257 -0.05267996 -0.01102271 0.99564256
1305031126.547374 -0.03461783 0.08688144 0.12439784 -0.08301990 -0.05500123 -0.01001783 0.99497849
1305031126.579454 -0.03163448 0.09188725 0.12363560 -0.08840660 -0.05439133 -0.00817060 0.99456478
1305031126.611528 -0.03627285 0.09700033 0.11668158 -0.09330967 -0.04824645 -0.00860746 0.99443024
1305031126.647376 -0.03045731 0.10060796 0.12117220 -0.09858168 -0.05080094 -0.00512265 0.99381823
1305031126.679479 -0.03256019 0.10672183 0.11952201 -0.09939460 -0.04684706 -0.00124132 0.99394392
1305031126.711583 -0.03396433 0.10844124 0.11769982 -0.10339178 -0.04396634 0.00119074 0.99366779
1305031126.747316 -0.03185228 0.10526121 0.11852185 -0.10857970 -0.04315872 0.00524189 0.99313660
1305031126.779379 -0.03046778 0.11426491 0.11288548 -0.10413923 -0.04207039 0.00669386 0.99364999
1305031126.811602 -0.02793789 0.11575744 0.11640706 -0.10620211 -0.04208249 0.00919305 0.99341113
1305031126.847343 -0.02418735 0.11340078 0.11295383 -0.11023708 -0.04221734 0.00978651 0.99296007
1305031126.879357 -0.02673808 0.11851990 0.11082894 -0.10827272 -0.03785422 0.01083262 0.99334119
1305031126.911364 -0.02485349 0.11717801 0.10982008 -0.10994936 -0.03668095 0.00962074 0.99321352
1305031126.947437 -0.02352628 0.11794376 0.11059794 -0.11124367 -0.03662532 0.01215199 0.99304368
1305031126.979337 -0.02581346 0.11713488 0.10827910 -0.11186647 -0.03552894 0.01270061 0.99300669
1305031127.011371 -0.02523143 0.11801926 0.10845374 -0.10994340 -0.03672727 0.01262619 0.99317880
1305031127.047297 -0.02204239 0.11389650 0.10941619 -0.11205111 -0.03942874 0.01463826 0.99281199
1305031127.079299 -0.02460062 0.11737610 0.10911016 -0.10944650 -0.03822521 0.01388953 0.99316030
1305031127.111435 -0.02695027 0.11702953 0.10920237 -0.10887101 -0.03884307 0.01484705 0.99318572
1305031127.147307 -0.02597370 0.11440133 0.11071318 -0.10818451 -0.04332409 0.01512759 0.99307114
1305031127.179349 -0.02575600 0.11566819 0.10903990 -0.10486563 -0.04623477 0.01514092 0.99329568
1305031127.211700 -0.02508591 0.11408158 0.10947631 -0.10445188 -0.04784689 0.01511482 0.99326332
1305031127.247374 -0.02191941 0.10998162 0.11082357 -0.10400511 -0.05031986 0.01406295 0.99320344
1305031127.279465 -0.02383704 0.10924560 0.10967772 -0.10130139 -0.04908753 0.01311989 0.99355740
1305031127.311362 -0.02400630 0.10744154 0.11079844 -0.10143504 -0.04990957 0.01252105 0.99351054
1305031127.347356 -0.02667005 0.10127732 0.11380630 -0.10172848 -0.05060171 0.01229180 0.99344839
1305031127.379262 -0.02625877 0.10181635 0.11300276 -0.09836617 -0.05209632 0.01160274 0.99371799
1305031127.411371 -0.02695625 0.10427213 0.11502759 -0.09563349 -0.05274456 0.01046146 0.99396318
1305031127.447333 -0.02520481 0.09794141 0.11742909 -0.09750369 -0.05549052 0.01127966 0.99362297
1305031127.479362 -0.02873300 0.09923984 0.11744087 -0.09430483 -0.05490080 0.01002426 0.99397787
1305031127.511356 -0.02529471 0.09988708 0.11891109 -0.09438207 -0.05816688 0.00913362 0.99379335
1305031127.547348 -0.02637174 0.09672370 0.12033468 -0.09517433 -0.05843871 0.00925005 0.99370076
1305031127.579345 -0.02933005 0.09532689 0.11995399 -0.09377849 -0.05737389 0.00884762 0.99389917
1305031127.611271 -0.02946615 0.09902807 0.12091429 -0.09170355 -0.05772009 0.00778746 0.99408159
1305031127.647358 -0.02832897 0.09515163 0.12187999 -0.09462643 -0.05877154 0.00993290 0.99372687
1305031127.679298 -0.02647687 0.09392936 0.12451848 -0.09322645 -0.06068768 0.01101556 0.99373261
1305031127.711375 -0.02924410 0.09562152 0.12222174 -0.09164973 -0.05962300 0.01021328 0.99395227
1305031127.747304 -0.02649684 0.09433310 0.12427963 -0.09318316 -0.06232026 0.01013791 0.99364496
1305031127.779346 -0.02683971 0.09002642 0.12461157 -0.09425864 -0.06214057 0.01071268 0.99354874
1305031127.811829 -0.02488703 0.09226899 0.12403151 -0.09115910 -0.06409211 0.00940949 0.99372717
1305031127.847366 -0.02780056 0.09099923 0.12435225 -0.09207142 -0.06231621 0.00887172 0.99376095
1305031127.879380 -0.02253291 0.09071010 0.12638856 -0.09205827 -0.06644331 0.00975705 0.99348647
1305031127.911476 -0.03048566 0.09433459 0.12498064 -0.08903219 -0.06215979 0.00742749 0.99405949
1305031127.947366 -0.02759432 0.09313305 0.12547366 -0.09051863 -0.06489443 0.00822867 0.99374412
1305031127.979371 -0.02900320 0.09120533 0.12663946 -0.09312247 -0.06474308 0.00826117 0.99351311
1305031128.011427 -0.03033247 0.09315734 0.12787245 -0.09292723 -0.06402242 0.00707420 0.99358725
1305031128.047369 -0.02693172 0.08976786 0.12946552 -0.09734448 -0.06509904 0.00854840 0.99308262
1305031128.079334 -0.03000006 0.08723179 0.13075326 -0.09822506 -0.06293647 0.00954544 0.99312624
1305031128.111391 -0.02881575 0.08675278 0.13113838 -0.09753996 -0.06383242 0.01015998 0.99313048
1305031128.147418 -0.02860166 0.08637865 0.13176031 -0.09828496 -0.06367279 0.01193571 0.99304752
1305031128.179350 -0.02688080 0.08119968 0.13390127 -0.10023030 -0.06493642 0.01353724 0.99275067
1305031128.211447 -0.02887053 0.08544931 0.13375443 -0.09538230 -0.06357709 0.01345152 0.99331728
1305031128.247480 -0.02781006 0.08350667 0.13199846 -0.09684562 -0.06451798 0.01303733 0.99312053
1305031128.279336 -0.02666713 0.08143240 0.13338359 -0.09801641 -0.06554421 0.01365074 0.99293021
1305031128.311483 -0.02791686 0.08239270 0.13272242 -0.09586998 -0.06501831 0.01281176 0.99318549
1305031128.347423 -0.02863998 0.08371028 0.13284764 -0.09511844 -0.06469625 0.01194096 0.99328963
1305031128.379404 -0.02895020 0.08226743 0.13332698 -0.09589713 -0.06504680 0.01044529 0.99320871
1305031128.411337 -0.02858282 0.08240378 0.13561335 -0.09513049 -0.06598766 0.00920733 0.99323262
1305031128.447296 -0.02900984 0.08161361 0.13461097 -0.09487381 -0.06572927 0.00828936 0.99328239
1305031128.479296 -0.02802969 0.08025019 0.13402809 -0.09587475 -0.06668109 0.00732464 0.99313041
1305031128.511433 -0.02962763 0.08095440 0.13540027 -0.09484218 -0.06568359 0.00629265 0.99330309
1305031128.547399 -0.02972362 0.08037044 0.13331290 -0.09489782 -0.06478735 0.00598171 0.99335856
1305031128.579455 -0.03106880 0.07821160 0.13358682 -0.09541396 -0.06359275 0.00551942 0.99338898
1305031128.611395 -0.03042466 0.07698485 0.13267790 -0.09466050 -0.06378661 0.00622847 0.99344444
1305031128.647352 -0.02907542 0.07914546 0.13445620 -0.09281538 -0.06648489 0.00611925 0.99344231
1305031128.679282 -0.02734593 0.07644642 0.13367611 -0.09380845 -0.06900572 0.00654718 0.99317437
1305031128.711457 -0.02993367 0.08049990 0.13474075 -0.09002366 -0.06706472 0.00477183 0.99366760
1305031128.747363 -0.02894957 0.07764904 0.13194315 -0.09079052 -0.06662103 0.00348481 0.99363302
