1305031102.175304 -0.00000643 0.00000235 -0.00012599 0.00001921 -0.00002862 -0.00005978 1.00000000
1305031102.911185 0.00574049 -0.01870698 -0.19794469 0.04607977 0.00687878 0.00507852 0.99890117
1305031103.911221 -0.01220342 0.01129954 -0.15584244 0.06828596 0.06534608 0.00143612 0.99552240
1305031104.375837 -0.00760887 0.02329048 -0.02335351 0.01590069 0.02662353 0.01576154 0.99939478
1305031104.711277 -0.00678653 0.04486333 0.04494419 -0.03797013 -0.00239757 0.00828999 0.99924161
1305031105.811283 0.00816925 -0.09630717 -0.25418085 0.09295014 0.02160559 -0.01518494 0.99532049
1305031106.311238 0.01008107 -0.10684061 -0.37957913 0.13354151 0.00710010 -0.04377356 0.99005057
1305031107.075432 0.01200803 -0.07712582 -0.19641401 0.12048249 0.04072286 0.00399129 0.99187181
1305031108.111378 -0.03616005 -0.09192813 -0.11401910 0.05328043 -0.03748008 0.00592464 0.99785838
1305031108.511378 -0.05327045 -0.07162163 0.02021702 0.01378843 0.03209377 -0.05034275 0.99812097
1305031109.743274 0.10284352 -0.10370171 0.05645692 0.03225334 0.08248175 -0.05332213 0.99464226
1305031110.411469 0.32071537 -0.08775118 -0.00198012 0.05631824 0.14354075 0.00293235 0.98803629
1305031110.643418 0.38189107 -0.06786044 -0.03631395 0.06683200 0.18115858 0.03077130 0.98069780
1305031111.511264 0.13218287 -0.04530865 0.29766414 -0.08376287 -0.07670006 0.05464466 0.99202563
